18117 26463 23250 2486 17748 
1453 5735 7572 8840 10849 18193 18593 18801 22192 22523 24622 25410 26994 28187 30725 
4045 12049 25697 25089 30048 10036 5735 22523 24294 416 
1453 2486 3057 7112 7572 8010 8840 10849 11156 13125 13302 16282 17748 18117 18193 18593 18801 22192 22221 22652 23250 23811 24049 24622 25410 25611 26463 26994 28187 30725 
8840 7040 18801 27748 25410 13125 26463 25697 10849 22523 4970 23250 16181 24294 14078 
416 1147 1164 1453 2032 2486 3057 3608 4045 5735 7112 7572 8010 8081 9906 10036 11156 11962 12049 13140 13302 14587 16282 17748 17893 18117 18193 18520 18571 18593 21897 22192 22221 22652 23811 24049 24622 24838 25089 25611 26994 28187 28263 30048 30725 
23250 17300 7112 4804 7572 13140 18117 11962 30725 3057 21830 14587 1147 12049 12781 2486 18193 15144 5735 416 
1164 1453 1643 2032 2088 2692 3456 3608 4045 4970 6705 7040 7923 8010 8081 8840 9906 10036 10849 11156 13125 13302 13345 14078 15834 16181 16282 17748 17893 18115 18520 18571 18593 18801 21706 21897 22192 22221 22523 22652 23795 23811 24049 24294 24622 24838 25089 25410 25611 25697 26463 26954 26994 27349 27369 27548 27748 28187 28263 30048 
26463 19657 4970 1346 25089 17703 8081 17893 13125 14587 10484 7923 416 4218 25611 13345 18801 23795 2088 4045 13140 27349 12781 25445 13302 
646 1147 1164 1453 1643 2032 2486 2692 3057 3456 3608 4804 5735 6705 7040 7112 7572 8010 8840 9906 10036 10849 11156 11505 11593 11962 12049 14078 14290 14745 15144 15834 16181 16282 16443 16582 17300 17748 17899 18115 18117 18193 18431 18484 18520 18571 18593 21706 21830 21897 22192 22221 22523 22652 23250 23811 23901 24049 24294 24622 24838 25410 25697 25832 26954 26994 27369 27548 27748 27793 28187 28263 28406 30048 30725 
