(1 , 107) 31
(1 , 151) 3
(1 , 156) 39
(2 , 121) 29
(2 , 111) 17
(2 , 52) 13
(3 , 132) 20
(3 , 161) 19
(3 , 33) 11
(4 , 40) 8
(4 , 198) 26
(4 , 129) 20
(5 , 90) 1
(5 , 97) 34
(5 , 152) 47
(6 , 136) 13
(6 , 76) 8
(6 , 44) 4
(7 , 120) 45
(7 , 101) 39
(7 , 149) 46
(8 , 109) 37
(8 , 21) 19
(8 , 153) 16
(9 , 191) 4
(9 , 41) 18
(9 , 163) 28
(10 , 119) 21
(10 , 120) 23
(10 , 199) 39
(11 , 20) 7
(11 , 137) 38
(11 , 98) 45
(12 , 213) 9
(12 , 144) 7
(12 , 104) 18
(13 , 182) 32
(13 , 188) 7
(13 , 210) 14
(14 , 21) 13
(14 , 8) 12
(14 , 148) 3
(15 , 175) 10
(15 , 195) 29
(15 , 140) 19
(16 , 36) 41
(16 , 45) 31
(16 , 64) 45
(17 , 130) 26
(17 , 22) 49
(17 , 212) 39
(18 , 94) 42
(18 , 144) 19
(18 , 186) 27
(19 , 71) 27
(19 , 50) 18
(19 , 195) 40
(20 , 34) 23
(20 , 61) 16
(20 , 69) 41
(21 , 112) 20
(21 , 233) 41
(21 , 102) 1
(22 , 56) 14
(22 , 180) 31
(22 , 138) 34
(23 , 142) 43
(23 , 154) 50
(23 , 199) 23
(24 , 17) 23
(24 , 169) 17
(24 , 64) 1
(25 , 167) 21
(25 , 111) 3
(25 , 58) 20
(26 , 228) 31
(26 , 12) 24
(26 , 103) 30
(27 , 196) 18
(27 , 240) 20
(27 , 209) 19
(28 , 67) 16
(28 , 161) 37
(28 , 109) 19
(29 , 206) 9
(29 , 36) 37
(29 , 83) 16
(30 , 173) 9
(30 , 114) 42
(30 , 116) 44
(31 , 31) 37
(31 , 5) 40
(31 , 12) 33
(32 , 93) 28
(32 , 243) 41
(32 , 90) 16
(33 , 149) 26
(33 , 57) 30
(33 , 164) 12
(34 , 107) 47
(34 , 88) 16
(34 , 18) 3
(35 , 100) 4
(35 , 229) 49
(35 , 66) 32
(36 , 156) 27
(36 , 144) 33
(36 , 27) 47
(37 , 124) 21
(37 , 180) 38
(37 , 138) 26
(38 , 44) 32
(38 , 206) 49
(38 , 167) 1
(39 , 26) 27
(39 , 115) 1
(39 , 192) 50
(40 , 105) 34
(40 , 210) 2
(40 , 72) 42
(41 , 9) 19
(41 , 72) 41
(41 , 20) 44
(42 , 181) 30
(42 , 202) 43
(42 , 152) 34
(43 , 113) 21
(43 , 241) 11
(43 , 71) 34
(44 , 94) 2
(44 , 88) 47
(44 , 180) 15
(45 , 197) 39
(45 , 7) 41
(45 , 47) 45
(46 , 107) 50
(46 , 13) 17
(46 , 36) 22
(47 , 67) 11
(47 , 224) 44
(47 , 19) 33
(48 , 87) 23
(48 , 234) 40
(48 , 5) 6
(49 , 155) 31
(49 , 38) 32
(49 , 58) 35
(50 , 53) 18
(50 , 171) 29
(50 , 177) 39
(51 , 88) 45
(51 , 35) 38
(51 , 196) 44
(52 , 236) 34
(52 , 115) 7
(52 , 147) 22
(53 , 159) 17
(53 , 121) 20
(53 , 5) 34
(54 , 68) 33
(54 , 187) 43
(54 , 175) 19
(55 , 243) 12
(55 , 168) 31
(55 , 2) 1
(56 , 147) 12
(56 , 100) 12
(56 , 159) 37
(57 , 144) 39
(57 , 16) 20
(57 , 51) 14
(58 , 131) 42
(58 , 114) 31
(58 , 231) 5
(59 , 222) 26
(59 , 64) 16
(59 , 21) 26
(60 , 117) 19
(60 , 72) 1
(60 , 137) 21
(61 , 39) 28
(61 , 63) 50
(61 , 112) 12
(62 , 210) 35
(62 , 48) 43
(62 , 114) 17
(63 , 21) 12
(63 , 194) 26
(63 , 21) 49
(64 , 131) 1
(64 , 110) 23
(64 , 98) 14
(65 , 79) 39
(65 , 219) 35
(65 , 57) 41
(66 , 47) 32
(66 , 95) 15
(66 , 47) 44
(67 , 98) 27
(67 , 147) 21
(67 , 114) 50
(68 , 16) 23
(68 , 45) 5
(68 , 173) 27
(69 , 28) 42
(69 , 148) 43
(69 , 223) 2
(70 , 189) 6
(70 , 45) 12
(70 , 158) 28
(71 , 77) 47
(71 , 64) 38
(71 , 72) 35
(72 , 69) 39
(72 , 125) 47
(72 , 46) 37
(73 , 48) 8
(73 , 79) 15
(73 , 236) 13
(74 , 191) 4
(74 , 30) 39
(74 , 137) 41
(75 , 199) 12
(75 , 97) 7
(75 , 26) 43
(76 , 77) 38
(76 , 236) 49
(76 , 98) 9
(77 , 196) 21
(77 , 149) 46
(77 , 131) 12
(78 , 7) 16
(78 , 94) 1
(78 , 96) 46
(79 , 200) 29
(79 , 113) 2
(79 , 176) 35
(80 , 4) 23
(80 , 182) 4
(80 , 114) 2
(81 , 156) 19
(81 , 74) 34
(81 , 132) 33
(82 , 47) 21
(82 , 127) 20
(82 , 81) 37
(83 , 148) 32
(83 , 213) 50
(83 , 128) 30
(84 , 119) 16
(84 , 15) 28
(84 , 71) 18
(85 , 45) 50
(85 , 231) 39
(85 , 15) 45
(86 , 142) 43
(86 , 95) 12
(86 , 227) 47
(87 , 37) 18
(87 , 129) 34
(87 , 130) 33
(88 , 233) 44
(88 , 76) 5
(88 , 99) 16
(89 , 115) 39
(89 , 214) 22
(89 , 224) 12
(90 , 206) 34
(90 , 104) 36
(90 , 102) 19
(91 , 49) 46
(91 , 89) 26
(91 , 182) 44
(92 , 104) 1
(92 , 39) 14
(92 , 27) 49
(93 , 70) 49
(93 , 89) 15
(93 , 192) 13
(94 , 196) 29
(94 , 7) 18
(94 , 86) 15
(95 , 175) 13
(95 , 228) 26
(95 , 103) 48
(96 , 164) 39
(96 , 57) 15
(96 , 204) 42
(97 , 41) 12
(97 , 204) 49
(97 , 168) 47
(98 , 103) 49
(98 , 139) 42
(98 , 47) 34
(99 , 191) 11
(99 , 80) 3
(99 , 217) 14
(100 , 186) 15
(100 , 95) 50
(100 , 176) 29
(101 , 228) 48
(101 , 83) 19
(101 , 220) 16
(102 , 16) 24
(102 , 15) 15
(102 , 237) 5
(103 , 25) 48
(103 , 218) 23
(103 , 242) 8
(104 , 221) 21
(104 , 240) 4
(104 , 143) 11
(105 , 102) 44
(105 , 6) 35
(105 , 101) 1
(106 , 147) 24
(106 , 24) 48
(106 , 27) 23
(107 , 30) 15
(107 , 118) 36
(107 , 212) 1
(108 , 1) 48
(108 , 90) 34
(108 , 70) 27
(109 , 49) 10
(109 , 175) 40
(109 , 110) 2
(110 , 29) 40
(110 , 150) 28
(110 , 138) 27
(111 , 215) 6
(111 , 2) 19
(111 , 167) 13
(112 , 8) 29
(112 , 84) 47
(112 , 181) 19
(113 , 174) 44
(113 , 114) 29
(113 , 173) 9
(114 , 73) 39
(114 , 193) 32
(114 , 17) 27
(115 , 172) 35
(115 , 25) 1
(115 , 168) 4
(116 , 216) 48
(116 , 199) 46
(116 , 184) 21
(117 , 127) 47
(117 , 56) 22
(117 , 192) 19
(118 , 136) 42
(118 , 84) 32
(118 , 235) 14
(119 , 63) 30
(119 , 69) 40
(119 , 103) 30
(120 , 12) 4
(120 , 127) 34
(120 , 126) 22
(121 , 122) 31
(121 , 168) 23
(121 , 77) 38
(122 , 209) 11
(122 , 56) 3
(122 , 42) 21
(123 , 183) 39
(123 , 1) 37
(123 , 140) 11
(124 , 40) 48
(124 , 18) 6
(124 , 50) 31
(125 , 60) 41
(125 , 92) 50
(125 , 141) 35
(126 , 234) 3
(126 , 100) 3
(126 , 218) 14
(127 , 98) 19
(127 , 66) 47
(127 , 194) 41
(128 , 100) 35
(128 , 40) 21
(128 , 55) 45
(129 , 41) 26
(129 , 58) 2
(129 , 242) 32
(130 , 37) 13
(130 , 89) 45
(130 , 141) 6
(131 , 120) 44
(131 , 169) 29
(131 , 32) 4
(132 , 194) 4
(132 , 44) 10
(132 , 178) 4
(133 , 208) 7
(133 , 208) 2
(133 , 79) 45
(134 , 5) 21
(134 , 189) 10
(134 , 143) 8
(135 , 94) 26
(135 , 90) 29
(135 , 155) 4
(136 , 229) 7
(136 , 232) 36
(136 , 11) 23
(137 , 177) 36
(137 , 144) 23
(137 , 129) 22
(138 , 150) 45
(138 , 56) 14
(138 , 152) 7
(139 , 76) 14
(139 , 163) 29
(139 , 7) 35
(140 , 88) 12
(140 , 228) 39
(140 , 88) 35
(141 , 212) 33
(141 , 31) 3
(141 , 104) 5
(142 , 170) 39
(142 , 221) 50
(142 , 35) 16
(143 , 134) 50
(143 , 24) 18
(143 , 64) 32
(144 , 184) 10
(144 , 32) 31
(144 , 97) 46
(145 , 215) 23
(145 , 168) 22
(145 , 138) 13
(146 , 198) 31
(146 , 94) 21
(146 , 241) 50
(147 , 148) 1
(147 , 234) 30
(147 , 218) 39
(148 , 226) 18
(148 , 237) 41
(148 , 201) 43
(149 , 22) 31
(149 , 26) 36
(149 , 211) 23
(150 , 15) 8
(150 , 124) 50
(150 , 75) 18
(151 , 104) 2
(151 , 123) 30
(151 , 166) 38
(152 , 226) 5
(152 , 29) 39
(152 , 96) 19
(153 , 101) 49
(153 , 96) 12
(153 , 223) 50
(154 , 135) 39
(154 , 218) 34
(154 , 32) 50
(155 , 127) 15
(155 , 39) 36
(155 , 7) 27
(156 , 75) 16
(156 , 31) 37
(156 , 243) 37
(157 , 190) 44
(157 , 227) 15
(157 , 49) 25
(158 , 180) 46
(158 , 91) 26
(158 , 108) 6
(159 , 25) 15
(159 , 89) 17
(159 , 127) 2
(160 , 234) 18
(160 , 45) 40
(160 , 32) 3
(161 , 148) 22
(161 , 39) 22
(161 , 164) 50
(162 , 49) 20
(162 , 84) 3
(162 , 199) 25
(163 , 81) 16
(163 , 166) 46
(163 , 86) 20
(164 , 195) 22
(164 , 85) 8
(164 , 68) 20
(165 , 75) 35
(165 , 158) 13
(165 , 174) 33
(166 , 14) 35
(166 , 18) 3
(166 , 94) 4
(167 , 240) 43
(167 , 25) 28
(167 , 57) 29
(168 , 37) 19
(168 , 51) 24
(168 , 205) 28
(169 , 103) 2
(169 , 230) 43
(169 , 132) 11
(170 , 233) 14
(170 , 231) 47
(170 , 106) 19
(171 , 220) 27
(171 , 159) 13
(171 , 182) 40
(172 , 215) 44
(172 , 151) 1
(172 , 9) 47
(173 , 68) 39
(173 , 6) 17
(173 , 2) 27
(174 , 8) 50
(174 , 1) 46
(174 , 8) 14
(175 , 83) 17
(175 , 209) 14
(175 , 191) 42
(176 , 63) 35
(176 , 222) 49
(176 , 66) 17
(177 , 39) 27
(177 , 185) 50
(177 , 85) 36
(178 , 140) 34
(178 , 10) 6
(178 , 144) 15
(179 , 33) 26
(179 , 36) 29
(179 , 44) 44
(180 , 29) 6
(180 , 157) 32
(180 , 55) 9
(181 , 88) 28
(181 , 155) 36
(181 , 94) 41
(182 , 50) 22
(182 , 153) 41
(182 , 7) 38
(183 , 7) 4
(183 , 117) 34
(183 , 84) 38
(184 , 91) 13
(184 , 222) 41
(184 , 215) 10
(185 , 55) 9
(185 , 118) 19
(185 , 235) 24
(186 , 190) 5
(186 , 8) 12
(186 , 191) 8
(187 , 45) 1
(187 , 60) 9
(187 , 204) 13
(188 , 54) 28
(188 , 69) 38
(188 , 147) 5
(189 , 221) 47
(189 , 24) 1
(189 , 147) 30
(190 , 101) 19
(190 , 54) 24
(190 , 187) 50
(191 , 12) 16
(191 , 12) 49
(191 , 82) 25
(192 , 196) 16
(192 , 27) 43
(192 , 63) 12
(193 , 237) 12
(193 , 23) 25
(193 , 165) 40
(194 , 68) 36
(194 , 234) 12
(194 , 63) 5
(195 , 168) 16
(195 , 173) 22
(195 , 72) 43
(196 , 202) 22
(196 , 137) 3
(196 , 118) 47
(197 , 81) 15
(197 , 80) 19
(197 , 214) 4
(198 , 76) 20
(198 , 99) 24
(198 , 111) 36
(199 , 36) 9
(199 , 192) 8
(199 , 129) 19
(200 , 77) 49
(200 , 67) 31
(200 , 92) 20
(201 , 130) 20
(201 , 105) 19
(201 , 63) 49
(202 , 10) 8
(202 , 174) 20
(202 , 218) 5
(203 , 107) 7
(203 , 170) 36
(203 , 117) 25
(204 , 117) 8
(204 , 230) 7
(204 , 181) 12
(205 , 242) 4
(205 , 84) 17
(205 , 171) 5
(206 , 27) 2
(206 , 17) 31
(206 , 40) 3
(207 , 86) 2
(207 , 73) 43
(207 , 96) 28
(208 , 138) 8
(208 , 53) 26
(208 , 17) 40
(209 , 140) 22
(209 , 174) 35
(209 , 173) 40
(210 , 2) 38
(210 , 225) 42
(210 , 226) 8
(211 , 189) 9
(211 , 193) 21
(211 , 167) 5
(212 , 17) 1
(212 , 183) 33
(212 , 191) 48
(213 , 223) 30
(213 , 111) 19
(213 , 209) 9
(214 , 205) 43
(214 , 176) 33
(214 , 74) 39
(215 , 40) 23
(215 , 187) 34
(215 , 209) 25
(216 , 213) 29
(216 , 35) 14
(216 , 97) 26
(217 , 202) 23
(217 , 39) 30
(217 , 202) 14
(218 , 199) 27
(218 , 122) 37
(218 , 182) 14
(219 , 60) 38
(219 , 132) 30
(219 , 78) 4
(220 , 91) 3
(220 , 117) 36
(220 , 4) 11
(221 , 18) 16
(221 , 12) 31
(221 , 149) 46
(222 , 132) 43
(222 , 201) 38
(222 , 52) 23
(223 , 10) 5
(223 , 11) 15
(223 , 60) 49
(224 , 71) 23
(224 , 214) 28
(224 , 176) 17
(225 , 98) 24
(225 , 196) 40
(225 , 131) 1
(226 , 126) 26
(226 , 64) 35
(226 , 164) 30
(227 , 92) 15
(227 , 115) 42
(227 , 67) 3
(228 , 89) 2
(228 , 222) 18
(228 , 52) 4
(229 , 89) 16
(229 , 133) 8
(229 , 83) 2
(230 , 82) 47
(230 , 125) 31
(230 , 168) 20
(231 , 128) 23
(231 , 168) 27
(231 , 170) 30
(232 , 49) 2
(232 , 99) 5
(232 , 20) 24
(233 , 126) 28
(233 , 200) 7
(233 , 221) 2
(234 , 171) 18
(234 , 235) 28
(234 , 156) 28
(235 , 33) 3
(235 , 161) 8
(235 , 59) 34
(236 , 156) 14
(236 , 174) 25
(236 , 216) 43
(237 , 152) 10
(237 , 32) 16
(237 , 181) 30
(238 , 86) 46
(238 , 168) 5
(238 , 73) 36
(239 , 61) 42
(239 , 94) 25
(239 , 65) 38
(240 , 222) 31
(240 , 169) 40
(240 , 189) 1
(241 , 70) 31
(241 , 45) 15
(241 , 219) 39
(242 , 193) 49
(242 , 154) 33
(242 , 83) 39
(243 , 126) 30
(243 , 146) 50
(243 , 146) 14
