(1 , 62) 37
(1 , 36) 30
(1 , 482) 39
(2 , 532) 30
(2 , 485) 42
(2 , 73) 25
(3 , 130) 26
(3 , 160) 46
(3 , 487) 44
(4 , 450) 43
(4 , 452) 4
(4 , 316) 27
(5 , 92) 16
(5 , 684) 8
(5 , 50) 48
(6 , 178) 30
(6 , 328) 24
(6 , 175) 35
(7 , 261) 2
(7 , 43) 25
(7 , 400) 21
(8 , 117) 10
(8 , 103) 45
(8 , 557) 34
(9 , 130) 40
(9 , 304) 45
(9 , 587) 22
(10 , 390) 27
(10 , 474) 49
(10 , 331) 39
(11 , 169) 5
(11 , 707) 13
(11 , 697) 23
(12 , 301) 21
(12 , 504) 8
(12 , 210) 29
(13 , 54) 8
(13 , 119) 31
(13 , 545) 20
(14 , 474) 34
(14 , 167) 48
(14 , 259) 13
(15 , 502) 27
(15 , 397) 24
(15 , 314) 35
(16 , 542) 31
(16 , 339) 8
(16 , 248) 19
(17 , 23) 50
(17 , 347) 21
(17 , 409) 44
(18 , 123) 24
(18 , 323) 18
(18 , 475) 24
(19 , 15) 6
(19 , 298) 29
(19 , 61) 37
(20 , 2) 35
(20 , 292) 7
(20 , 7) 23
(21 , 99) 23
(21 , 391) 10
(21 , 399) 21
(22 , 152) 38
(22 , 678) 48
(22 , 405) 6
(23 , 385) 48
(23 , 33) 4
(23 , 610) 8
(24 , 282) 50
(24 , 245) 12
(24 , 193) 17
(25 , 28) 40
(25 , 722) 33
(25 , 494) 29
(26 , 161) 34
(26 , 301) 47
(26 , 493) 1
(27 , 407) 8
(27 , 125) 12
(27 , 648) 6
(28 , 652) 50
(28 , 220) 33
(28 , 3) 8
(29 , 231) 49
(29 , 291) 37
(29 , 421) 16
(30 , 26) 2
(30 , 123) 49
(30 , 163) 47
(31 , 370) 36
(31 , 47) 19
(31 , 573) 32
(32 , 127) 36
(32 , 24) 23
(32 , 230) 3
(33 , 708) 5
(33 , 658) 13
(33 , 184) 6
(34 , 567) 8
(34 , 603) 22
(34 , 462) 17
(35 , 717) 17
(35 , 166) 39
(35 , 460) 5
(36 , 451) 43
(36 , 282) 32
(36 , 47) 42
(37 , 448) 13
(37 , 118) 47
(37 , 662) 15
(38 , 381) 28
(38 , 126) 39
(38 , 116) 41
(39 , 656) 4
(39 , 537) 27
(39 , 172) 35
(40 , 293) 8
(40 , 32) 15
(40 , 724) 6
(41 , 224) 23
(41 , 264) 15
(41 , 82) 35
(42 , 283) 4
(42 , 132) 24
(42 , 718) 37
(43 , 351) 44
(43 , 228) 40
(43 , 342) 14
(44 , 296) 1
(44 , 307) 39
(44 , 615) 28
(45 , 214) 44
(45 , 25) 31
(45 , 697) 35
(46 , 165) 46
(46 , 46) 13
(46 , 588) 32
(47 , 685) 24
(47 , 727) 29
(47 , 586) 8
(48 , 78) 30
(48 , 327) 2
(48 , 547) 11
(49 , 446) 32
(49 , 406) 13
(49 , 180) 5
(50 , 661) 44
(50 , 460) 14
(50 , 132) 27
(51 , 52) 14
(51 , 228) 43
(51 , 541) 34
(52 , 236) 15
(52 , 458) 4
(52 , 213) 7
(53 , 383) 35
(53 , 79) 17
(53 , 48) 24
(54 , 506) 15
(54 , 281) 19
(54 , 431) 15
(55 , 157) 7
(55 , 164) 39
(55 , 662) 6
(56 , 330) 8
(56 , 178) 32
(56 , 275) 15
(57 , 706) 50
(57 , 438) 24
(57 , 101) 46
(58 , 342) 33
(58 , 271) 24
(58 , 611) 14
(59 , 612) 3
(59 , 430) 17
(59 , 295) 49
(60 , 512) 16
(60 , 447) 26
(60 , 536) 3
(61 , 412) 40
(61 , 572) 4
(61 , 537) 34
(62 , 214) 17
(62 , 251) 10
(62 , 286) 33
(63 , 29) 42
(63 , 301) 2
(63 , 253) 50
(64 , 154) 33
(64 , 497) 47
(64 , 387) 29
(65 , 155) 42
(65 , 224) 13
(65 , 139) 5
(66 , 89) 44
(66 , 708) 3
(66 , 126) 49
(67 , 193) 41
(67 , 343) 41
(67 , 258) 1
(68 , 453) 41
(68 , 150) 2
(68 , 403) 36
(69 , 172) 19
(69 , 189) 43
(69 , 10) 25
(70 , 254) 19
(70 , 168) 24
(70 , 645) 38
(71 , 688) 48
(71 , 518) 5
(71 , 346) 20
(72 , 536) 12
(72 , 580) 17
(72 , 703) 48
(73 , 299) 45
(73 , 273) 14
(73 , 666) 44
(74 , 45) 1
(74 , 584) 50
(74 , 280) 2
(75 , 441) 18
(75 , 306) 10
(75 , 592) 37
(76 , 96) 41
(76 , 312) 23
(76 , 342) 17
(77 , 186) 47
(77 , 623) 19
(77 , 624) 9
(78 , 415) 36
(78 , 586) 19
(78 , 700) 22
(79 , 578) 48
(79 , 510) 22
(79 , 539) 3
(80 , 621) 32
(80 , 424) 50
(80 , 628) 44
(81 , 212) 18
(81 , 557) 29
(81 , 367) 24
(82 , 40) 11
(82 , 269) 38
(82 , 23) 28
(83 , 236) 22
(83 , 493) 5
(83 , 553) 49
(84 , 474) 6
(84 , 61) 8
(84 , 674) 43
(85 , 415) 19
(85 , 215) 30
(85 , 384) 42
(86 , 278) 11
(86 , 492) 14
(86 , 667) 26
(87 , 353) 7
(87 , 489) 27
(87 , 698) 20
(88 , 606) 4
(88 , 353) 22
(88 , 303) 28
(89 , 273) 6
(89 , 101) 42
(89 , 128) 8
(90 , 643) 10
(90 , 544) 17
(90 , 303) 41
(91 , 385) 23
(91 , 280) 46
(91 , 152) 50
(92 , 424) 10
(92 , 101) 6
(92 , 225) 2
(93 , 610) 2
(93 , 141) 42
(93 , 18) 22
(94 , 298) 43
(94 , 499) 3
(94 , 58) 42
(95 , 84) 48
(95 , 192) 7
(95 , 513) 43
(96 , 61) 4
(96 , 600) 37
(96 , 702) 13
(97 , 556) 46
(97 , 96) 45
(97 , 394) 49
(98 , 406) 14
(98 , 622) 35
(98 , 668) 34
(99 , 29) 29
(99 , 89) 44
(99 , 473) 16
(100 , 219) 21
(100 , 74) 2
(100 , 401) 1
(101 , 512) 38
(101 , 279) 19
(101 , 262) 20
(102 , 549) 49
(102 , 174) 17
(102 , 728) 48
(103 , 195) 44
(103 , 431) 7
(103 , 572) 16
(104 , 161) 14
(104 , 56) 43
(104 , 410) 12
(105 , 43) 48
(105 , 650) 1
(105 , 650) 28
(106 , 594) 17
(106 , 645) 21
(106 , 304) 10
(107 , 211) 41
(107 , 134) 46
(107 , 303) 5
(108 , 571) 6
(108 , 148) 9
(108 , 316) 16
(109 , 137) 19
(109 , 214) 10
(109 , 721) 10
(110 , 313) 47
(110 , 463) 16
(110 , 703) 17
(111 , 508) 38
(111 , 566) 13
(111 , 272) 24
(112 , 442) 7
(112 , 119) 23
(112 , 164) 30
(113 , 41) 32
(113 , 185) 27
(113 , 461) 23
(114 , 397) 41
(114 , 511) 16
(114 , 464) 17
(115 , 61) 23
(115 , 47) 1
(115 , 93) 46
(116 , 688) 15
(116 , 714) 12
(116 , 614) 17
(117 , 158) 38
(117 , 281) 22
(117 , 70) 41
(118 , 467) 28
(118 , 509) 48
(118 , 215) 5
(119 , 329) 13
(119 , 167) 38
(119 , 575) 20
(120 , 562) 50
(120 , 89) 1
(120 , 329) 13
(121 , 704) 45
(121 , 201) 37
(121 , 555) 37
(122 , 9) 45
(122 , 182) 50
(122 , 374) 38
(123 , 364) 41
(123 , 499) 26
(123 , 592) 46
(124 , 8) 20
(124 , 514) 14
(124 , 208) 1
(125 , 508) 8
(125 , 354) 10
(125 , 162) 7
(126 , 231) 26
(126 , 517) 26
(126 , 452) 32
(127 , 229) 30
(127 , 22) 32
(127 , 241) 42
(128 , 516) 41
(128 , 103) 5
(128 , 259) 7
(129 , 692) 32
(129 , 451) 19
(129 , 688) 22
(130 , 183) 21
(130 , 584) 35
(130 , 464) 2
(131 , 659) 15
(131 , 641) 38
(131 , 508) 19
(132 , 587) 2
(132 , 342) 38
(132 , 168) 50
(133 , 110) 41
(133 , 7) 39
(133 , 217) 5
(134 , 211) 13
(134 , 208) 6
(134 , 370) 41
(135 , 165) 47
(135 , 262) 47
(135 , 151) 47
(136 , 177) 2
(136 , 143) 49
(136 , 181) 45
(137 , 146) 12
(137 , 529) 17
(137 , 261) 15
(138 , 430) 23
(138 , 277) 1
(138 , 345) 40
(139 , 472) 8
(139 , 636) 16
(139 , 95) 31
(140 , 167) 25
(140 , 591) 28
(140 , 314) 33
(141 , 729) 42
(141 , 436) 36
(141 , 201) 5
(142 , 675) 35
(142 , 266) 42
(142 , 434) 18
(143 , 417) 29
(143 , 641) 12
(143 , 341) 25
(144 , 345) 23
(144 , 162) 42
(144 , 710) 47
(145 , 419) 12
(145 , 333) 28
(145 , 412) 12
(146 , 679) 31
(146 , 141) 6
(146 , 4) 50
(147 , 60) 9
(147 , 226) 26
(147 , 233) 34
(148 , 432) 16
(148 , 36) 27
(148 , 263) 46
(149 , 688) 18
(149 , 254) 6
(149 , 299) 49
(150 , 191) 20
(150 , 535) 17
(150 , 19) 31
(151 , 443) 8
(151 , 51) 31
(151 , 497) 21
(152 , 686) 14
(152 , 477) 33
(152 , 171) 44
(153 , 17) 17
(153 , 157) 44
(153 , 176) 50
(154 , 26) 13
(154 , 49) 24
(154 , 552) 21
(155 , 112) 14
(155 , 689) 37
(155 , 334) 27
(156 , 34) 33
(156 , 449) 22
(156 , 435) 46
(157 , 176) 35
(157 , 142) 13
(157 , 427) 29
(158 , 276) 37
(158 , 302) 4
(158 , 20) 13
(159 , 693) 50
(159 , 365) 31
(159 , 129) 24
(160 , 309) 25
(160 , 548) 33
(160 , 17) 2
(161 , 453) 15
(161 , 392) 33
(161 , 341) 38
(162 , 38) 3
(162 , 417) 19
(162 , 347) 22
(163 , 639) 3
(163 , 704) 15
(163 , 188) 11
(164 , 592) 48
(164 , 205) 8
(164 , 107) 23
(165 , 249) 48
(165 , 212) 9
(165 , 549) 17
(166 , 27) 38
(166 , 26) 17
(166 , 685) 22
(167 , 472) 34
(167 , 344) 6
(167 , 227) 8
(168 , 627) 32
(168 , 643) 47
(168 , 699) 16
(169 , 221) 30
(169 , 265) 38
(169 , 691) 31
(170 , 583) 17
(170 , 481) 21
(170 , 305) 3
(171 , 268) 49
(171 , 200) 8
(171 , 207) 13
(172 , 519) 8
(172 , 688) 46
(172 , 533) 39
(173 , 707) 15
(173 , 357) 9
(173 , 263) 10
(174 , 591) 8
(174 , 91) 30
(174 , 657) 8
(175 , 630) 23
(175 , 99) 43
(175 , 116) 42
(176 , 714) 1
(176 , 4) 45
(176 , 408) 26
(177 , 25) 46
(177 , 311) 35
(177 , 402) 28
(178 , 146) 10
(178 , 648) 30
(178 , 418) 1
(179 , 421) 39
(179 , 637) 32
(179 , 205) 8
(180 , 370) 21
(180 , 367) 49
(180 , 341) 1
(181 , 435) 42
(181 , 307) 8
(181 , 461) 14
(182 , 374) 8
(182 , 499) 19
(182 , 675) 32
(183 , 87) 24
(183 , 720) 42
(183 , 397) 6
(184 , 466) 9
(184 , 71) 7
(184 , 719) 15
(185 , 151) 24
(185 , 423) 43
(185 , 541) 36
(186 , 440) 24
(186 , 627) 11
(186 , 183) 10
(187 , 341) 45
(187 , 252) 39
(187 , 442) 31
(188 , 123) 3
(188 , 511) 8
(188 , 619) 35
(189 , 27) 5
(189 , 205) 40
(189 , 654) 30
(190 , 459) 21
(190 , 160) 15
(190 , 466) 44
(191 , 479) 36
(191 , 140) 3
(191 , 450) 19
(192 , 72) 47
(192 , 212) 35
(192 , 627) 13
(193 , 116) 41
(193 , 168) 16
(193 , 474) 14
(194 , 130) 19
(194 , 399) 38
(194 , 190) 5
(195 , 293) 24
(195 , 58) 16
(195 , 411) 46
(196 , 304) 12
(196 , 27) 34
(196 , 309) 48
(197 , 301) 31
(197 , 625) 31
(197 , 92) 10
(198 , 439) 4
(198 , 385) 3
(198 , 258) 14
(199 , 645) 41
(199 , 9) 47
(199 , 137) 22
(200 , 406) 30
(200 , 324) 44
(200 , 74) 21
(201 , 302) 45
(201 , 523) 6
(201 , 634) 22
(202 , 207) 21
(202 , 565) 40
(202 , 432) 23
(203 , 448) 28
(203 , 554) 9
(203 , 567) 33
(204 , 1) 21
(204 , 451) 46
(204 , 96) 41
(205 , 621) 23
(205 , 120) 29
(205 , 156) 11
(206 , 224) 40
(206 , 565) 49
(206 , 407) 19
(207 , 438) 7
(207 , 143) 36
(207 , 80) 13
(208 , 241) 26
(208 , 394) 4
(208 , 119) 26
(209 , 694) 42
(209 , 545) 19
(209 , 345) 30
(210 , 625) 42
(210 , 259) 34
(210 , 254) 8
(211 , 291) 40
(211 , 542) 33
(211 , 461) 8
(212 , 55) 19
(212 , 57) 22
(212 , 313) 12
(213 , 511) 2
(213 , 379) 24
(213 , 255) 33
(214 , 245) 27
(214 , 637) 19
(214 , 210) 39
(215 , 421) 9
(215 , 185) 45
(215 , 404) 25
(216 , 391) 1
(216 , 729) 3
(216 , 223) 48
(217 , 620) 35
(217 , 379) 6
(217 , 406) 11
(218 , 578) 37
(218 , 595) 32
(218 , 380) 41
(219 , 578) 22
(219 , 247) 13
(219 , 365) 48
(220 , 354) 36
(220 , 227) 41
(220 , 712) 33
(221 , 55) 29
(221 , 165) 18
(221 , 301) 22
(222 , 350) 12
(222 , 126) 17
(222 , 303) 34
(223 , 543) 15
(223 , 649) 19
(223 , 437) 24
(224 , 14) 37
(224 , 635) 3
(224 , 59) 47
(225 , 339) 8
(225 , 304) 32
(225 , 445) 49
(226 , 273) 6
(226 , 386) 7
(226 , 135) 1
(227 , 400) 13
(227 , 251) 32
(227 , 271) 40
(228 , 291) 11
(228 , 478) 19
(228 , 594) 35
(229 , 19) 44
(229 , 591) 39
(229 , 214) 8
(230 , 701) 40
(230 , 313) 20
(230 , 205) 35
(231 , 559) 28
(231 , 319) 50
(231 , 260) 29
(232 , 139) 17
(232 , 485) 19
(232 , 485) 44
(233 , 695) 49
(233 , 164) 30
(233 , 626) 33
(234 , 294) 16
(234 , 728) 38
(234 , 592) 48
(235 , 673) 9
(235 , 87) 38
(235 , 684) 4
(236 , 320) 43
(236 , 273) 25
(236 , 619) 9
(237 , 675) 14
(237 , 252) 13
(237 , 275) 25
(238 , 7) 40
(238 , 327) 35
(238 , 558) 22
(239 , 127) 17
(239 , 99) 48
(239 , 331) 43
(240 , 75) 32
(240 , 129) 8
(240 , 211) 27
(241 , 338) 39
(241 , 309) 36
(241 , 461) 8
(242 , 645) 26
(242 , 464) 23
(242 , 594) 47
(243 , 551) 2
(243 , 239) 32
(243 , 160) 48
(244 , 152) 21
(244 , 642) 7
(244 , 132) 33
(245 , 76) 46
(245 , 681) 13
(245 , 604) 3
(246 , 690) 47
(246 , 188) 32
(246 , 606) 15
(247 , 691) 45
(247 , 408) 46
(247 , 450) 44
(248 , 641) 5
(248 , 238) 7
(248 , 340) 15
(249 , 446) 36
(249 , 555) 47
(249 , 554) 15
(250 , 221) 28
(250 , 470) 39
(250 , 564) 49
(251 , 694) 17
(251 , 77) 36
(251 , 513) 3
(252 , 383) 37
(252 , 203) 16
(252 , 354) 36
(253 , 711) 14
(253 , 723) 48
(253 , 668) 30
(254 , 632) 11
(254 , 578) 7
(254 , 544) 23
(255 , 619) 49
(255 , 7) 9
(255 , 399) 31
(256 , 76) 19
(256 , 169) 39
(256 , 423) 23
(257 , 629) 49
(257 , 321) 26
(257 , 685) 5
(258 , 627) 36
(258 , 547) 43
(258 , 671) 8
(259 , 628) 23
(259 , 333) 4
(259 , 670) 48
(260 , 625) 43
(260 , 465) 15
(260 , 215) 8
(261 , 229) 5
(261 , 532) 37
(261 , 477) 16
(262 , 562) 38
(262 , 640) 27
(262 , 565) 10
(263 , 436) 18
(263 , 533) 47
(263 , 590) 40
(264 , 291) 49
(264 , 582) 28
(264 , 81) 18
(265 , 705) 5
(265 , 509) 33
(265 , 91) 9
(266 , 36) 23
(266 , 277) 44
(266 , 339) 21
(267 , 407) 38
(267 , 489) 49
(267 , 524) 43
(268 , 580) 2
(268 , 276) 15
(268 , 460) 1
(269 , 73) 6
(269 , 240) 24
(269 , 599) 5
(270 , 105) 31
(270 , 695) 22
(270 , 144) 30
(271 , 408) 41
(271 , 442) 7
(271 , 4) 36
(272 , 254) 24
(272 , 577) 46
(272 , 12) 8
(273 , 135) 43
(273 , 719) 22
(273 , 626) 36
(274 , 613) 6
(274 , 181) 23
(274 , 642) 39
(275 , 349) 3
(275 , 447) 24
(275 , 448) 2
(276 , 251) 34
(276 , 545) 32
(276 , 65) 49
(277 , 206) 35
(277 , 423) 38
(277 , 403) 2
(278 , 136) 22
(278 , 118) 22
(278 , 617) 4
(279 , 709) 49
(279 , 167) 47
(279 , 665) 14
(280 , 248) 18
(280 , 491) 37
(280 , 122) 44
(281 , 563) 12
(281 , 256) 16
(281 , 546) 15
(282 , 155) 25
(282 , 316) 5
(282 , 389) 4
(283 , 327) 5
(283 , 147) 2
(283 , 222) 49
(284 , 179) 25
(284 , 696) 1
(284 , 261) 42
(285 , 532) 34
(285 , 81) 42
(285 , 520) 29
(286 , 145) 14
(286 , 20) 10
(286 , 433) 22
(287 , 130) 17
(287 , 283) 13
(287 , 299) 38
(288 , 506) 24
(288 , 355) 4
(288 , 491) 10
(289 , 188) 43
(289 , 51) 43
(289 , 511) 19
(290 , 352) 47
(290 , 10) 29
(290 , 558) 41
(291 , 225) 1
(291 , 504) 4
(291 , 663) 2
(292 , 338) 8
(292 , 659) 26
(292 , 448) 29
(293 , 68) 38
(293 , 485) 10
(293 , 98) 3
(294 , 43) 46
(294 , 319) 28
(294 , 269) 5
(295 , 187) 2
(295 , 328) 20
(295 , 155) 43
(296 , 720) 34
(296 , 421) 15
(296 , 271) 8
(297 , 713) 21
(297 , 455) 27
(297 , 258) 27
(298 , 463) 8
(298 , 213) 36
(298 , 269) 17
(299 , 115) 45
(299 , 186) 12
(299 , 251) 44
(300 , 265) 29
(300 , 162) 50
(300 , 582) 38
(301 , 438) 48
(301 , 573) 43
(301 , 103) 14
(302 , 334) 21
(302 , 344) 46
(302 , 3) 45
(303 , 185) 30
(303 , 572) 22
(303 , 583) 45
(304 , 507) 35
(304 , 607) 20
(304 , 692) 29
(305 , 188) 27
(305 , 359) 15
(305 , 405) 37
(306 , 517) 50
(306 , 207) 8
(306 , 97) 8
(307 , 602) 2
(307 , 699) 11
(307 , 591) 16
(308 , 326) 49
(308 , 574) 10
(308 , 66) 45
(309 , 134) 16
(309 , 583) 39
(309 , 611) 47
(310 , 272) 41
(310 , 319) 1
(310 , 150) 38
(311 , 449) 2
(311 , 4) 24
(311 , 290) 17
(312 , 157) 40
(312 , 8) 25
(312 , 422) 8
(313 , 31) 30
(313 , 85) 15
(313 , 397) 32
(314 , 126) 20
(314 , 689) 49
(314 , 696) 43
(315 , 113) 35
(315 , 440) 26
(315 , 707) 10
(316 , 240) 22
(316 , 124) 42
(316 , 148) 48
(317 , 660) 47
(317 , 323) 3
(317 , 390) 30
(318 , 374) 5
(318 , 253) 36
(318 , 176) 19
(319 , 304) 12
(319 , 322) 12
(319 , 410) 24
(320 , 438) 43
(320 , 199) 44
(320 , 148) 31
(321 , 674) 4
(321 , 435) 31
(321 , 356) 2
(322 , 336) 30
(322 , 511) 48
(322 , 246) 14
(323 , 318) 18
(323 , 507) 10
(323 , 459) 22
(324 , 233) 26
(324 , 658) 5
(324 , 621) 41
(325 , 289) 44
(325 , 215) 28
(325 , 61) 9
(326 , 278) 26
(326 , 181) 29
(326 , 49) 46
(327 , 33) 2
(327 , 420) 11
(327 , 409) 32
(328 , 395) 29
(328 , 262) 23
(328 , 590) 15
(329 , 641) 25
(329 , 667) 18
(329 , 550) 31
(330 , 729) 7
(330 , 499) 12
(330 , 667) 50
(331 , 572) 27
(331 , 101) 14
(331 , 598) 25
(332 , 665) 19
(332 , 671) 26
(332 , 31) 8
(333 , 172) 7
(333 , 666) 18
(333 , 185) 40
(334 , 54) 3
(334 , 593) 42
(334 , 591) 17
(335 , 130) 21
(335 , 162) 19
(335 , 435) 23
(336 , 181) 37
(336 , 93) 38
(336 , 48) 2
(337 , 215) 45
(337 , 306) 38
(337 , 327) 20
(338 , 689) 35
(338 , 228) 37
(338 , 311) 44
(339 , 384) 40
(339 , 293) 7
(339 , 168) 48
(340 , 584) 45
(340 , 537) 32
(340 , 329) 19
(341 , 95) 49
(341 , 259) 48
(341 , 124) 47
(342 , 292) 21
(342 , 337) 38
(342 , 110) 12
(343 , 379) 2
(343 , 79) 48
(343 , 183) 20
(344 , 165) 1
(344 , 643) 41
(344 , 256) 15
(345 , 514) 27
(345 , 40) 27
(345 , 361) 18
(346 , 224) 5
(346 , 228) 42
(346 , 412) 48
(347 , 309) 17
(347 , 705) 33
(347 , 574) 27
(348 , 494) 35
(348 , 201) 44
(348 , 658) 1
(349 , 397) 13
(349 , 416) 23
(349 , 466) 39
(350 , 123) 35
(350 , 543) 11
(350 , 514) 44
(351 , 639) 12
(351 , 42) 27
(351 , 2) 18
(352 , 122) 6
(352 , 512) 8
(352 , 281) 36
(353 , 632) 16
(353 , 577) 36
(353 , 267) 22
(354 , 393) 21
(354 , 377) 1
(354 , 720) 11
(355 , 191) 5
(355 , 506) 27
(355 , 610) 28
(356 , 146) 30
(356 , 478) 37
(356 , 443) 18
(357 , 719) 13
(357 , 529) 41
(357 , 276) 40
(358 , 632) 4
(358 , 675) 36
(358 , 292) 19
(359 , 578) 28
(359 , 450) 22
(359 , 307) 33
(360 , 15) 23
(360 , 638) 26
(360 , 372) 2
(361 , 177) 44
(361 , 7) 1
(361 , 45) 17
(362 , 405) 37
(362 , 716) 33
(362 , 667) 46
(363 , 129) 30
(363 , 156) 41
(363 , 307) 31
(364 , 534) 20
(364 , 48) 46
(364 , 464) 34
(365 , 245) 31
(365 , 388) 17
(365 , 551) 15
(366 , 540) 48
(366 , 155) 13
(366 , 594) 31
(367 , 569) 32
(367 , 106) 8
(367 , 390) 26
(368 , 425) 46
(368 , 93) 21
(368 , 17) 25
(369 , 319) 39
(369 , 677) 28
(369 , 690) 39
(370 , 461) 28
(370 , 236) 1
(370 , 219) 4
(371 , 611) 11
(371 , 258) 29
(371 , 707) 9
(372 , 306) 43
(372 , 623) 45
(372 , 115) 43
(373 , 89) 32
(373 , 540) 6
(373 , 594) 18
(374 , 352) 18
(374 , 65) 44
(374 , 329) 39
(375 , 511) 50
(375 , 244) 8
(375 , 239) 22
(376 , 416) 16
(376 , 224) 36
(376 , 552) 22
(377 , 342) 20
(377 , 688) 2
(377 , 491) 28
(378 , 197) 10
(378 , 183) 7
(378 , 376) 7
(379 , 131) 19
(379 , 234) 19
(379 , 308) 19
(380 , 638) 30
(380 , 38) 30
(380 , 47) 15
(381 , 194) 5
(381 , 332) 6
(381 , 587) 50
(382 , 112) 19
(382 , 580) 14
(382 , 307) 4
(383 , 140) 11
(383 , 474) 6
(383 , 113) 30
(384 , 188) 5
(384 , 338) 41
(384 , 82) 31
(385 , 226) 40
(385 , 690) 21
(385 , 675) 27
(386 , 683) 12
(386 , 651) 20
(386 , 281) 12
(387 , 241) 50
(387 , 243) 13
(387 , 483) 18
(388 , 150) 35
(388 , 408) 10
(388 , 78) 23
(389 , 37) 48
(389 , 350) 38
(389 , 378) 33
(390 , 14) 44
(390 , 443) 23
(390 , 348) 28
(391 , 660) 17
(391 , 406) 32
(391 , 609) 50
(392 , 663) 22
(392 , 242) 19
(392 , 571) 6
(393 , 703) 23
(393 , 523) 31
(393 , 354) 12
(394 , 141) 33
(394 , 60) 46
(394 , 519) 16
(395 , 289) 35
(395 , 545) 14
(395 , 36) 29
(396 , 434) 42
(396 , 564) 5
(396 , 236) 39
(397 , 476) 6
(397 , 539) 17
(397 , 522) 23
(398 , 461) 48
(398 , 274) 26
(398 , 470) 35
(399 , 62) 19
(399 , 39) 49
(399 , 238) 40
(400 , 585) 34
(400 , 514) 40
(400 , 656) 6
(401 , 143) 15
(401 , 327) 39
(401 , 637) 4
(402 , 166) 5
(402 , 647) 8
(402 , 554) 27
(403 , 469) 7
(403 , 509) 44
(403 , 290) 27
(404 , 504) 39
(404 , 565) 44
(404 , 420) 34
(405 , 463) 26
(405 , 486) 8
(405 , 298) 38
(406 , 337) 32
(406 , 506) 33
(406 , 290) 31
(407 , 619) 43
(407 , 658) 24
(407 , 699) 7
(408 , 669) 17
(408 , 604) 24
(408 , 325) 4
(409 , 449) 30
(409 , 642) 25
(409 , 385) 44
(410 , 136) 24
(410 , 652) 27
(410 , 282) 40
(411 , 600) 34
(411 , 198) 46
(411 , 666) 12
(412 , 712) 33
(412 , 621) 40
(412 , 489) 21
(413 , 46) 32
(413 , 349) 45
(413 , 250) 24
(414 , 638) 3
(414 , 286) 38
(414 , 146) 42
(415 , 416) 6
(415 , 5) 3
(415 , 632) 26
(416 , 192) 2
(416 , 526) 5
(416 , 510) 35
(417 , 152) 27
(417 , 606) 31
(417 , 208) 49
(418 , 329) 41
(418 , 351) 21
(418 , 531) 47
(419 , 482) 50
(419 , 573) 43
(419 , 705) 14
(420 , 698) 9
(420 , 428) 42
(420 , 658) 46
(421 , 144) 2
(421 , 484) 36
(421 , 241) 11
(422 , 669) 23
(422 , 628) 44
(422 , 565) 11
(423 , 79) 46
(423 , 694) 37
(423 , 234) 11
(424 , 84) 34
(424 , 445) 43
(424 , 486) 38
(425 , 485) 35
(425 , 383) 20
(425 , 519) 10
(426 , 201) 47
(426 , 335) 43
(426 , 161) 21
(427 , 133) 4
(427 , 425) 4
(427 , 24) 31
(428 , 578) 34
(428 , 463) 19
(428 , 311) 27
(429 , 416) 13
(429 , 261) 20
(429 , 384) 1
(430 , 325) 43
(430 , 391) 33
(430 , 362) 47
(431 , 355) 16
(431 , 165) 2
(431 , 76) 3
(432 , 390) 18
(432 , 192) 33
(432 , 108) 41
(433 , 594) 11
(433 , 24) 10
(433 , 391) 20
(434 , 558) 2
(434 , 107) 33
(434 , 139) 37
(435 , 71) 4
(435 , 727) 50
(435 , 447) 10
(436 , 383) 5
(436 , 553) 6
(436 , 395) 27
(437 , 376) 46
(437 , 421) 48
(437 , 10) 23
(438 , 479) 20
(438 , 94) 21
(438 , 592) 2
(439 , 716) 12
(439 , 443) 22
(439 , 655) 25
(440 , 449) 21
(440 , 304) 43
(440 , 428) 17
(441 , 624) 24
(441 , 394) 26
(441 , 676) 40
(442 , 479) 25
(442 , 696) 42
(442 , 241) 31
(443 , 168) 29
(443 , 580) 10
(443 , 639) 44
(444 , 374) 30
(444 , 368) 34
(444 , 131) 13
(445 , 366) 2
(445 , 512) 11
(445 , 717) 18
(446 , 235) 25
(446 , 41) 43
(446 , 387) 46
(447 , 511) 39
(447 , 433) 17
(447 , 448) 49
(448 , 729) 41
(448 , 45) 32
(448 , 687) 35
(449 , 647) 5
(449 , 574) 28
(449 , 716) 37
(450 , 255) 28
(450 , 521) 5
(450 , 574) 16
(451 , 509) 9
(451 , 621) 24
(451 , 681) 1
(452 , 517) 37
(452 , 135) 36
(452 , 87) 15
(453 , 486) 45
(453 , 696) 5
(453 , 120) 10
(454 , 123) 3
(454 , 600) 24
(454 , 257) 23
(455 , 588) 19
(455 , 572) 35
(455 , 709) 7
(456 , 126) 48
(456 , 670) 24
(456 , 378) 34
(457 , 175) 9
(457 , 255) 6
(457 , 691) 8
(458 , 468) 29
(458 , 9) 22
(458 , 496) 3
(459 , 436) 1
(459 , 26) 45
(459 , 198) 19
(460 , 106) 41
(460 , 523) 39
(460 , 427) 4
(461 , 577) 18
(461 , 424) 23
(461 , 225) 14
(462 , 295) 44
(462 , 330) 38
(462 , 34) 35
(463 , 699) 43
(463 , 155) 43
(463 , 425) 2
(464 , 608) 19
(464 , 493) 22
(464 , 692) 43
(465 , 587) 17
(465 , 194) 43
(465 , 591) 14
(466 , 511) 47
(466 , 378) 50
(466 , 474) 6
(467 , 25) 45
(467 , 63) 29
(467 , 25) 37
(468 , 264) 2
(468 , 395) 25
(468 , 345) 38
(469 , 137) 16
(469 , 172) 4
(469 , 269) 2
(470 , 698) 34
(470 , 563) 23
(470 , 682) 15
(471 , 504) 8
(471 , 488) 37
(471 , 312) 25
(472 , 208) 23
(472 , 449) 26
(472 , 680) 37
(473 , 270) 18
(473 , 90) 9
(473 , 308) 17
(474 , 590) 40
(474 , 415) 23
(474 , 638) 34
(475 , 584) 28
(475 , 437) 6
(475 , 365) 37
(476 , 358) 7
(476 , 264) 49
(476 , 453) 27
(477 , 493) 40
(477 , 443) 28
(477 , 23) 42
(478 , 623) 14
(478 , 572) 38
(478 , 238) 46
(479 , 612) 40
(479 , 181) 19
(479 , 252) 46
(480 , 588) 16
(480 , 509) 2
(480 , 149) 17
(481 , 182) 22
(481 , 390) 44
(481 , 99) 40
(482 , 277) 49
(482 , 217) 23
(482 , 516) 18
(483 , 409) 25
(483 , 440) 48
(483 , 234) 13
(484 , 24) 18
(484 , 276) 13
(484 , 335) 40
(485 , 50) 17
(485 , 295) 14
(485 , 33) 4
(486 , 583) 30
(486 , 79) 1
(486 , 540) 18
(487 , 604) 46
(487 , 411) 41
(487 , 260) 28
(488 , 30) 21
(488 , 28) 4
(488 , 274) 25
(489 , 153) 40
(489 , 418) 2
(489 , 679) 49
(490 , 550) 32
(490 , 121) 30
(490 , 43) 42
(491 , 241) 8
(491 , 654) 9
(491 , 106) 24
(492 , 688) 25
(492 , 408) 43
(492 , 128) 11
(493 , 508) 40
(493 , 98) 23
(493 , 406) 30
(494 , 77) 21
(494 , 262) 40
(494 , 288) 31
(495 , 692) 4
(495 , 101) 47
(495 , 654) 42
(496 , 275) 3
(496 , 288) 14
(496 , 626) 24
(497 , 225) 22
(497 , 111) 28
(497 , 3) 22
(498 , 86) 18
(498 , 106) 3
(498 , 420) 27
(499 , 517) 5
(499 , 310) 48
(499 , 516) 1
(500 , 8) 37
(500 , 168) 48
(500 , 149) 3
(501 , 475) 2
(501 , 61) 3
(501 , 392) 4
(502 , 424) 11
(502 , 345) 18
(502 , 429) 15
(503 , 66) 46
(503 , 645) 11
(503 , 293) 24
(504 , 163) 6
(504 , 325) 6
(504 , 440) 21
(505 , 15) 2
(505 , 186) 24
(505 , 682) 44
(506 , 213) 9
(506 , 363) 23
(506 , 89) 16
(507 , 336) 36
(507 , 445) 11
(507 , 255) 16
(508 , 357) 38
(508 , 186) 12
(508 , 369) 22
(509 , 39) 20
(509 , 77) 36
(509 , 161) 22
(510 , 406) 21
(510 , 33) 35
(510 , 672) 31
(511 , 527) 3
(511 , 243) 25
(511 , 353) 45
(512 , 437) 37
(512 , 160) 12
(512 , 204) 19
(513 , 454) 29
(513 , 304) 42
(513 , 246) 6
(514 , 592) 39
(514 , 444) 21
(514 , 265) 15
(515 , 542) 35
(515 , 575) 5
(515 , 300) 19
(516 , 131) 18
(516 , 410) 25
(516 , 691) 13
(517 , 465) 20
(517 , 468) 14
(517 , 163) 30
(518 , 266) 49
(518 , 626) 48
(518 , 687) 34
(519 , 349) 32
(519 , 159) 34
(519 , 376) 16
(520 , 150) 9
(520 , 165) 10
(520 , 436) 45
(521 , 417) 1
(521 , 118) 49
(521 , 636) 43
(522 , 294) 41
(522 , 596) 28
(522 , 470) 31
(523 , 359) 35
(523 , 391) 17
(523 , 368) 27
(524 , 662) 32
(524 , 240) 1
(524 , 648) 16
(525 , 68) 44
(525 , 154) 20
(525 , 211) 34
(526 , 601) 18
(526 , 10) 9
(526 , 194) 37
(527 , 349) 34
(527 , 478) 42
(527 , 590) 41
(528 , 121) 43
(528 , 216) 12
(528 , 659) 44
(529 , 720) 32
(529 , 162) 18
(529 , 686) 4
(530 , 346) 17
(530 , 433) 32
(530 , 673) 3
(531 , 659) 27
(531 , 729) 24
(531 , 39) 12
(532 , 9) 20
(532 , 447) 50
(532 , 111) 7
(533 , 205) 15
(533 , 683) 39
(533 , 188) 44
(534 , 271) 20
(534 , 446) 6
(534 , 8) 32
(535 , 527) 8
(535 , 306) 49
(535 , 74) 38
(536 , 75) 1
(536 , 327) 1
(536 , 255) 25
(537 , 719) 25
(537 , 61) 3
(537 , 701) 25
(538 , 171) 46
(538 , 604) 30
(538 , 546) 15
(539 , 445) 7
(539 , 391) 5
(539 , 374) 2
(540 , 377) 10
(540 , 391) 27
(540 , 594) 33
(541 , 528) 18
(541 , 532) 42
(541 , 625) 33
(542 , 540) 10
(542 , 647) 26
(542 , 241) 12
(543 , 336) 4
(543 , 575) 21
(543 , 677) 26
(544 , 450) 49
(544 , 573) 23
(544 , 316) 10
(545 , 624) 37
(545 , 148) 48
(545 , 437) 18
(546 , 246) 23
(546 , 297) 1
(546 , 582) 26
(547 , 193) 4
(547 , 460) 1
(547 , 592) 38
(548 , 528) 23
(548 , 517) 40
(548 , 247) 28
(549 , 65) 9
(549 , 488) 9
(549 , 529) 11
(550 , 725) 37
(550 , 464) 37
(550 , 395) 26
(551 , 426) 36
(551 , 299) 46
(551 , 705) 48
(552 , 455) 3
(552 , 192) 32
(552 , 125) 8
(553 , 579) 40
(553 , 328) 19
(553 , 293) 20
(554 , 38) 4
(554 , 359) 26
(554 , 221) 31
(555 , 564) 30
(555 , 504) 4
(555 , 494) 26
(556 , 278) 11
(556 , 413) 43
(556 , 726) 29
(557 , 189) 29
(557 , 426) 12
(557 , 729) 42
(558 , 151) 43
(558 , 473) 14
(558 , 554) 36
(559 , 690) 35
(559 , 612) 5
(559 , 296) 6
(560 , 642) 21
(560 , 531) 36
(560 , 503) 16
(561 , 681) 38
(561 , 389) 20
(561 , 713) 33
(562 , 584) 37
(562 , 590) 27
(562 , 129) 26
(563 , 602) 3
(563 , 198) 37
(563 , 86) 46
(564 , 128) 10
(564 , 656) 27
(564 , 148) 3
(565 , 18) 2
(565 , 98) 23
(565 , 468) 32
(566 , 542) 33
(566 , 29) 49
(566 , 55) 12
(567 , 513) 25
(567 , 128) 38
(567 , 240) 17
(568 , 123) 7
(568 , 471) 14
(568 , 287) 43
(569 , 713) 7
(569 , 207) 48
(569 , 273) 30
(570 , 210) 43
(570 , 199) 30
(570 , 555) 32
(571 , 54) 29
(571 , 221) 49
(571 , 516) 1
(572 , 113) 27
(572 , 718) 36
(572 , 78) 36
(573 , 189) 41
(573 , 284) 3
(573 , 490) 17
(574 , 285) 33
(574 , 533) 6
(574 , 649) 45
(575 , 648) 7
(575 , 714) 6
(575 , 113) 50
(576 , 567) 29
(576 , 28) 17
(576 , 407) 13
(577 , 277) 28
(577 , 97) 45
(577 , 413) 8
(578 , 204) 39
(578 , 14) 14
(578 , 647) 30
(579 , 452) 18
(579 , 568) 31
(579 , 663) 20
(580 , 668) 31
(580 , 194) 15
(580 , 478) 28
(581 , 332) 21
(581 , 157) 1
(581 , 620) 1
(582 , 178) 24
(582 , 425) 42
(582 , 433) 31
(583 , 401) 30
(583 , 14) 40
(583 , 587) 47
(584 , 569) 25
(584 , 333) 17
(584 , 407) 49
(585 , 638) 32
(585 , 292) 8
(585 , 608) 40
(586 , 431) 43
(586 , 28) 8
(586 , 273) 20
(587 , 244) 40
(587 , 534) 8
(587 , 449) 35
(588 , 97) 38
(588 , 246) 17
(588 , 140) 20
(589 , 692) 46
(589 , 329) 46
(589 , 553) 40
(590 , 385) 50
(590 , 710) 6
(590 , 437) 10
(591 , 199) 29
(591 , 324) 26
(591 , 326) 40
(592 , 453) 25
(592 , 450) 12
(592 , 179) 35
(593 , 555) 26
(593 , 448) 37
(593 , 686) 49
(594 , 406) 28
(594 , 333) 48
(594 , 254) 19
(595 , 259) 9
(595 , 55) 38
(595 , 272) 32
(596 , 721) 29
(596 , 526) 23
(596 , 528) 21
(597 , 186) 23
(597 , 395) 16
(597 , 203) 2
(598 , 284) 2
(598 , 133) 30
(598 , 709) 18
(599 , 418) 31
(599 , 194) 36
(599 , 305) 46
(600 , 104) 23
(600 , 387) 43
(600 , 241) 15
(601 , 203) 49
(601 , 41) 24
(601 , 526) 10
(602 , 420) 24
(602 , 11) 44
(602 , 608) 35
(603 , 222) 43
(603 , 413) 21
(603 , 671) 36
(604 , 259) 27
(604 , 2) 12
(604 , 264) 31
(605 , 547) 32
(605 , 487) 7
(605 , 710) 19
(606 , 706) 38
(606 , 452) 2
(606 , 409) 24
(607 , 48) 39
(607 , 541) 1
(607 , 7) 14
(608 , 305) 21
(608 , 101) 25
(608 , 672) 10
(609 , 726) 50
(609 , 58) 44
(609 , 258) 24
(610 , 279) 41
(610 , 146) 24
(610 , 565) 9
(611 , 602) 12
(611 , 294) 50
(611 , 262) 35
(612 , 240) 11
(612 , 151) 49
(612 , 438) 37
(613 , 438) 43
(613 , 205) 8
(613 , 420) 20
(614 , 102) 39
(614 , 226) 18
(614 , 422) 21
(615 , 112) 38
(615 , 404) 46
(615 , 435) 3
(616 , 462) 49
(616 , 392) 4
(616 , 468) 49
(617 , 245) 37
(617 , 292) 39
(617 , 584) 48
(618 , 204) 7
(618 , 642) 32
(618 , 492) 6
(619 , 558) 11
(619 , 366) 15
(619 , 434) 35
(620 , 331) 28
(620 , 208) 23
(620 , 618) 9
(621 , 397) 28
(621 , 387) 4
(621 , 44) 27
(622 , 280) 17
(622 , 197) 3
(622 , 683) 12
(623 , 6) 1
(623 , 360) 1
(623 , 15) 45
(624 , 669) 25
(624 , 265) 25
(624 , 92) 13
(625 , 407) 6
(625 , 346) 39
(625 , 100) 27
(626 , 565) 2
(626 , 387) 18
(626 , 671) 36
(627 , 511) 38
(627 , 708) 9
(627 , 593) 45
(628 , 229) 23
(628 , 286) 35
(628 , 475) 33
(629 , 17) 8
(629 , 327) 10
(629 , 276) 33
(630 , 493) 31
(630 , 578) 28
(630 , 418) 12
(631 , 328) 23
(631 , 393) 45
(631 , 89) 38
(632 , 199) 11
(632 , 90) 6
(632 , 320) 13
(633 , 435) 2
(633 , 18) 49
(633 , 637) 38
(634 , 549) 1
(634 , 524) 10
(634 , 16) 12
(635 , 165) 18
(635 , 296) 1
(635 , 632) 30
(636 , 549) 47
(636 , 270) 13
(636 , 66) 32
(637 , 448) 30
(637 , 310) 45
(637 , 395) 30
(638 , 336) 23
(638 , 712) 23
(638 , 534) 6
(639 , 602) 26
(639 , 358) 22
(639 , 13) 47
(640 , 298) 35
(640 , 566) 42
(640 , 302) 25
(641 , 94) 18
(641 , 207) 8
(641 , 329) 32
(642 , 631) 4
(642 , 206) 16
(642 , 133) 43
(643 , 351) 16
(643 , 186) 49
(643 , 288) 20
(644 , 119) 46
(644 , 21) 48
(644 , 220) 36
(645 , 409) 29
(645 , 398) 19
(645 , 146) 27
(646 , 175) 42
(646 , 700) 6
(646 , 441) 17
(647 , 510) 1
(647 , 71) 28
(647 , 243) 27
(648 , 525) 48
(648 , 593) 2
(648 , 682) 24
(649 , 50) 31
(649 , 265) 21
(649 , 412) 39
(650 , 81) 49
(650 , 13) 28
(650 , 469) 4
(651 , 166) 42
(651 , 229) 28
(651 , 378) 25
(652 , 121) 10
(652 , 309) 10
(652 , 479) 40
(653 , 547) 8
(653 , 90) 2
(653 , 673) 38
(654 , 37) 17
(654 , 181) 25
(654 , 325) 40
(655 , 90) 4
(655 , 503) 40
(655 , 648) 11
(656 , 635) 37
(656 , 614) 32
(656 , 335) 11
(657 , 686) 16
(657 , 504) 48
(657 , 322) 6
(658 , 700) 42
(658 , 473) 31
(658 , 585) 5
(659 , 433) 32
(659 , 617) 34
(659 , 700) 13
(660 , 466) 15
(660 , 434) 37
(660 , 182) 6
(661 , 439) 5
(661 , 562) 35
(661 , 425) 3
(662 , 288) 24
(662 , 254) 43
(662 , 49) 26
(663 , 672) 33
(663 , 194) 42
(663 , 562) 45
(664 , 166) 39
(664 , 704) 6
(664 , 301) 15
(665 , 157) 20
(665 , 285) 8
(665 , 277) 47
(666 , 614) 49
(666 , 415) 32
(666 , 657) 33
(667 , 138) 44
(667 , 275) 33
(667 , 464) 23
(668 , 220) 10
(668 , 321) 14
(668 , 200) 17
(669 , 33) 13
(669 , 142) 7
(669 , 463) 26
(670 , 128) 38
(670 , 654) 12
(670 , 231) 2
(671 , 241) 33
(671 , 84) 37
(671 , 20) 26
(672 , 25) 34
(672 , 8) 48
(672 , 185) 9
(673 , 462) 10
(673 , 376) 34
(673 , 20) 30
(674 , 383) 48
(674 , 88) 39
(674 , 298) 1
(675 , 365) 34
(675 , 369) 18
(675 , 602) 8
(676 , 69) 19
(676 , 439) 13
(676 , 224) 29
(677 , 33) 17
(677 , 46) 15
(677 , 547) 41
(678 , 526) 45
(678 , 70) 11
(678 , 73) 21
(679 , 48) 9
(679 , 76) 35
(679 , 426) 25
(680 , 653) 45
(680 , 12) 40
(680 , 234) 24
(681 , 509) 43
(681 , 529) 48
(681 , 589) 8
(682 , 326) 35
(682 , 563) 10
(682 , 34) 39
(683 , 300) 9
(683 , 665) 36
(683 , 519) 35
(684 , 335) 29
(684 , 288) 8
(684 , 612) 30
(685 , 726) 36
(685 , 619) 6
(685 , 650) 8
(686 , 90) 40
(686 , 139) 23
(686 , 164) 30
(687 , 703) 8
(687 , 43) 17
(687 , 98) 41
(688 , 118) 33
(688 , 369) 35
(688 , 586) 26
(689 , 72) 26
(689 , 235) 2
(689 , 117) 28
(690 , 108) 9
(690 , 548) 43
(690 , 347) 45
(691 , 284) 18
(691 , 118) 10
(691 , 517) 45
(692 , 566) 32
(692 , 358) 10
(692 , 369) 25
(693 , 30) 22
(693 , 620) 34
(693 , 2) 29
(694 , 666) 49
(694 , 474) 5
(694 , 275) 38
(695 , 42) 45
(695 , 65) 45
(695 , 125) 49
(696 , 224) 20
(696 , 58) 42
(696 , 275) 26
(697 , 613) 19
(697 , 530) 50
(697 , 119) 22
(698 , 435) 28
(698 , 203) 14
(698 , 493) 46
(699 , 88) 41
(699 , 332) 11
(699 , 579) 3
(700 , 425) 2
(700 , 68) 36
(700 , 305) 2
(701 , 407) 35
(701 , 682) 49
(701 , 717) 49
(702 , 146) 17
(702 , 547) 50
(702 , 509) 36
(703 , 229) 35
(703 , 714) 49
(703 , 338) 16
(704 , 155) 27
(704 , 389) 39
(704 , 242) 34
(705 , 572) 29
(705 , 85) 19
(705 , 489) 18
(706 , 423) 46
(706 , 689) 9
(706 , 53) 43
(707 , 350) 2
(707 , 624) 35
(707 , 609) 17
(708 , 235) 48
(708 , 348) 12
(708 , 616) 30
(709 , 214) 26
(709 , 298) 2
(709 , 346) 34
(710 , 29) 28
(710 , 626) 5
(710 , 162) 9
(711 , 442) 37
(711 , 446) 12
(711 , 321) 23
(712 , 544) 30
(712 , 293) 7
(712 , 191) 48
(713 , 86) 48
(713 , 291) 8
(713 , 541) 31
(714 , 93) 1
(714 , 105) 4
(714 , 164) 21
(715 , 274) 13
(715 , 520) 23
(715 , 95) 29
(716 , 187) 50
(716 , 194) 36
(716 , 177) 22
(717 , 721) 28
(717 , 694) 10
(717 , 718) 20
(718 , 639) 29
(718 , 551) 15
(718 , 693) 32
(719 , 404) 49
(719 , 257) 26
(719 , 418) 5
(720 , 613) 30
(720 , 167) 10
(720 , 134) 50
(721 , 397) 30
(721 , 582) 6
(721 , 124) 15
(722 , 579) 35
(722 , 334) 13
(722 , 695) 33
(723 , 599) 19
(723 , 620) 38
(723 , 497) 35
(724 , 118) 14
(724 , 592) 31
(724 , 538) 6
(725 , 557) 9
(725 , 402) 18
(725 , 202) 37
(726 , 18) 12
(726 , 55) 29
(726 , 469) 26
(727 , 327) 25
(727 , 241) 29
(727 , 476) 35
(728 , 133) 2
(728 , 6) 31
(728 , 21) 4
(729 , 518) 4
(729 , 208) 41
(729 , 488) 22
