(1 , 25) 5
(1 , 77) 40
(2 , 26) 23
(2 , 69) 21
(3 , 48) 19
(3 , 47) 32
(4 , 34) 12
(4 , 13) 14
(5 , 53) 49
(5 , 14) 17
(6 , 10) 19
(6 , 42) 29
(7 , 79) 35
(7 , 7) 37
(8 , 55) 48
(8 , 22) 40
(9 , 34) 37
(9 , 28) 25
(10 , 21) 6
(10 , 25) 27
(11 , 33) 23
(11 , 78) 15
(12 , 10) 1
(12 , 61) 46
(13 , 65) 40
(13 , 29) 18
(14 , 12) 17
(14 , 19) 13
(15 , 65) 9
(15 , 48) 47
(16 , 50) 38
(16 , 22) 50
(17 , 21) 27
(17 , 78) 23
(18 , 17) 41
(18 , 57) 22
(19 , 64) 49
(19 , 11) 10
(20 , 47) 39
(20 , 12) 34
(21 , 58) 33
(21 , 75) 44
(22 , 63) 26
(22 , 5) 34
(23 , 27) 47
(23 , 57) 34
(24 , 6) 46
(24 , 62) 25
(25 , 30) 5
(25 , 51) 35
(26 , 11) 47
(26 , 56) 23
(27 , 2) 47
(27 , 64) 48
(28 , 59) 24
(28 , 54) 27
(29 , 3) 39
(29 , 40) 36
(30 , 10) 15
(30 , 42) 37
(31 , 51) 11
(31 , 3) 29
(32 , 43) 21
(32 , 13) 14
(33 , 36) 6
(33 , 17) 29
(34 , 72) 10
(34 , 14) 41
(35 , 7) 19
(35 , 42) 48
(36 , 44) 21
(36 , 21) 25
(37 , 6) 2
(37 , 3) 34
(38 , 34) 6
(38 , 67) 32
(39 , 46) 28
(39 , 49) 44
(40 , 38) 33
(40 , 36) 45
(41 , 77) 19
(41 , 64) 45
(42 , 30) 20
(42 , 51) 16
(43 , 16) 36
(43 , 66) 28
(44 , 5) 20
(44 , 43) 2
(45 , 42) 4
(45 , 75) 19
(46 , 27) 21
(46 , 27) 22
(47 , 65) 48
(47 , 70) 4
(48 , 68) 16
(48 , 66) 11
(49 , 18) 3
(49 , 42) 40
(50 , 5) 35
(50 , 58) 31
(51 , 33) 10
(51 , 38) 1
(52 , 57) 39
(52 , 17) 15
(53 , 13) 28
(53 , 38) 18
(54 , 81) 7
(54 , 74) 21
(55 , 59) 5
(55 , 10) 39
(56 , 16) 47
(56 , 47) 9
(57 , 16) 33
(57 , 28) 13
(58 , 29) 34
(58 , 14) 49
(59 , 34) 1
(59 , 24) 4
(60 , 43) 7
(60 , 13) 43
(61 , 22) 30
(61 , 22) 3
(62 , 16) 28
(62 , 16) 8
(63 , 2) 38
(63 , 81) 14
(64 , 5) 2
(64 , 18) 37
(65 , 19) 42
(65 , 11) 9
(66 , 62) 34
(66 , 77) 44
(67 , 31) 6
(67 , 71) 41
(68 , 42) 33
(68 , 74) 13
(69 , 15) 31
(69 , 38) 9
(70 , 43) 16
(70 , 36) 20
(71 , 45) 23
(71 , 54) 36
(72 , 81) 29
(72 , 18) 36
(73 , 28) 15
(73 , 52) 1
(74 , 22) 37
(74 , 50) 19
(75 , 1) 12
(75 , 26) 25
(76 , 23) 37
(76 , 53) 31
(77 , 53) 47
(77 , 31) 45
(78 , 71) 24
(78 , 44) 37
(79 , 45) 19
(79 , 9) 39
(80 , 38) 11
(80 , 36) 8
(81 , 29) 3
(81 , 78) 3
