(1 , 19) 13
(1 , 13) 18
(2 , 18) 29
(2 , 7) 22
(3 , 7) 34
(3 , 11) 12
(4 , 25) 42
(4 , 6) 25
(5 , 20) 4
(5 , 17) 26
(6 , 20) 18
(6 , 19) 1
(7 , 9) 1
(7 , 17) 15
(8 , 6) 50
(8 , 19) 28
(9 , 19) 49
(9 , 16) 39
(10 , 25) 18
(10 , 8) 3
(11 , 8) 31
(11 , 21) 30
(12 , 18) 30
(12 , 25) 22
(13 , 1) 47
(13 , 27) 45
(14 , 10) 17
(14 , 20) 42
(15 , 7) 5
(15 , 2) 17
(16 , 5) 25
(16 , 14) 37
(17 , 12) 6
(17 , 15) 16
(18 , 26) 42
(18 , 25) 22
(19 , 8) 26
(19 , 1) 9
(20 , 25) 50
(20 , 24) 11
(21 , 24) 50
(21 , 25) 7
(22 , 11) 21
(22 , 26) 2
(23 , 1) 36
(23 , 3) 15
(24 , 26) 50
(24 , 27) 32
(25 , 3) 16
(25 , 17) 14
(26 , 18) 37
(26 , 8) 12
(27 , 11) 49
(27 , 21) 5
