(1 , 68) 31
(1 , 136) 10
(2 , 17) 2
(2 , 55) 46
(3 , 186) 48
(3 , 167) 12
(4 , 95) 1
(4 , 22) 20
(5 , 88) 31
(5 , 14) 27
(6 , 47) 11
(6 , 197) 29
(7 , 222) 14
(7 , 150) 13
(8 , 226) 1
(8 , 20) 9
(9 , 15) 30
(9 , 184) 30
(10 , 50) 26
(10 , 185) 44
(11 , 162) 4
(11 , 94) 2
(12 , 76) 50
(12 , 49) 2
(13 , 29) 49
(13 , 165) 43
(14 , 85) 26
(14 , 181) 27
(15 , 37) 45
(15 , 5) 21
(16 , 97) 28
(16 , 193) 41
(17 , 170) 33
(17 , 151) 32
(18 , 45) 11
(18 , 71) 35
(19 , 183) 50
(19 , 76) 31
(20 , 129) 13
(20 , 90) 17
(21 , 189) 46
(21 , 12) 7
(22 , 79) 19
(22 , 94) 17
(23 , 101) 32
(23 , 117) 20
(24 , 129) 37
(24 , 178) 1
(25 , 150) 34
(25 , 20) 11
(26 , 177) 41
(26 , 106) 20
(27 , 222) 16
(27 , 221) 38
(28 , 30) 36
(28 , 133) 23
(29 , 211) 50
(29 , 52) 26
(30 , 234) 24
(30 , 6) 17
(31 , 106) 37
(31 , 236) 42
(32 , 161) 28
(32 , 23) 32
(33 , 111) 5
(33 , 110) 20
(34 , 123) 24
(34 , 77) 43
(35 , 174) 46
(35 , 93) 35
(36 , 197) 10
(36 , 190) 13
(37 , 69) 28
(37 , 184) 11
(38 , 146) 6
(38 , 221) 2
(39 , 75) 30
(39 , 61) 6
(40 , 181) 32
(40 , 45) 30
(41 , 17) 47
(41 , 33) 45
(42 , 199) 42
(42 , 170) 26
(43 , 117) 24
(43 , 8) 50
(44 , 233) 18
(44 , 44) 5
(45 , 165) 31
(45 , 140) 10
(46 , 125) 39
(46 , 44) 18
(47 , 8) 49
(47 , 72) 3
(48 , 169) 23
(48 , 52) 45
(49 , 126) 5
(49 , 241) 28
(50 , 223) 15
(50 , 174) 35
(51 , 11) 50
(51 , 92) 17
(52 , 134) 42
(52 , 12) 13
(53 , 130) 31
(53 , 197) 23
(54 , 149) 14
(54 , 231) 28
(55 , 239) 3
(55 , 175) 43
(56 , 218) 35
(56 , 8) 30
(57 , 21) 36
(57 , 102) 13
(58 , 92) 33
(58 , 239) 50
(59 , 75) 16
(59 , 99) 39
(60 , 168) 23
(60 , 192) 44
(61 , 21) 18
(61 , 199) 38
(62 , 184) 6
(62 , 88) 34
(63 , 180) 17
(63 , 49) 20
(64 , 129) 32
(64 , 243) 22
(65 , 102) 40
(65 , 70) 28
(66 , 214) 14
(66 , 155) 39
(67 , 132) 43
(67 , 122) 37
(68 , 192) 12
(68 , 5) 3
(69 , 20) 25
(69 , 142) 26
(70 , 238) 47
(70 , 54) 6
(71 , 26) 10
(71 , 195) 1
(72 , 177) 23
(72 , 201) 34
(73 , 17) 31
(73 , 243) 6
(74 , 142) 28
(74 , 242) 12
(75 , 19) 14
(75 , 233) 37
(76 , 55) 41
(76 , 131) 2
(77 , 46) 43
(77 , 41) 48
(78 , 138) 38
(78 , 238) 17
(79 , 23) 26
(79 , 222) 22
(80 , 227) 44
(80 , 5) 40
(81 , 27) 2
(81 , 67) 2
(82 , 106) 33
(82 , 85) 25
(83 , 184) 6
(83 , 170) 3
(84 , 205) 19
(84 , 29) 21
(85 , 179) 47
(85 , 136) 34
(86 , 107) 47
(86 , 71) 11
(87 , 19) 42
(87 , 35) 39
(88 , 135) 44
(88 , 35) 6
(89 , 130) 36
(89 , 90) 4
(90 , 6) 1
(90 , 212) 6
(91 , 46) 7
(91 , 7) 15
(92 , 106) 33
(92 , 101) 44
(93 , 162) 34
(93 , 201) 16
(94 , 208) 33
(94 , 77) 17
(95 , 84) 11
(95 , 82) 41
(96 , 153) 14
(96 , 100) 4
(97 , 239) 32
(97 , 40) 6
(98 , 216) 48
(98 , 207) 37
(99 , 120) 1
(99 , 6) 26
(100 , 144) 47
(100 , 11) 23
(101 , 180) 34
(101 , 232) 46
(102 , 40) 37
(102 , 211) 21
(103 , 135) 29
(103 , 233) 8
(104 , 239) 27
(104 , 132) 34
(105 , 213) 47
(105 , 147) 35
(106 , 8) 35
(106 , 150) 3
(107 , 3) 1
(107 , 168) 39
(108 , 56) 38
(108 , 237) 30
(109 , 115) 1
(109 , 210) 31
(110 , 85) 42
(110 , 230) 23
(111 , 177) 38
(111 , 134) 22
(112 , 56) 47
(112 , 182) 40
(113 , 35) 3
(113 , 177) 9
(114 , 67) 19
(114 , 209) 23
(115 , 35) 28
(115 , 27) 31
(116 , 87) 29
(116 , 164) 43
(117 , 13) 22
(117 , 98) 29
(118 , 9) 40
(118 , 90) 30
(119 , 229) 27
(119 , 179) 16
(120 , 115) 18
(120 , 109) 48
(121 , 189) 14
(121 , 47) 12
(122 , 50) 17
(122 , 16) 9
(123 , 195) 19
(123 , 71) 9
(124 , 153) 34
(124 , 160) 41
(125 , 105) 42
(125 , 118) 18
(126 , 157) 25
(126 , 1) 34
(127 , 158) 11
(127 , 185) 46
(128 , 185) 30
(128 , 211) 41
(129 , 238) 41
(129 , 44) 47
(130 , 220) 9
(130 , 18) 33
(131 , 198) 1
(131 , 78) 42
(132 , 43) 15
(132 , 134) 21
(133 , 224) 49
(133 , 235) 31
(134 , 93) 15
(134 , 124) 31
(135 , 13) 16
(135 , 96) 33
(136 , 189) 47
(136 , 177) 32
(137 , 78) 21
(137 , 50) 26
(138 , 135) 33
(138 , 56) 46
(139 , 92) 16
(139 , 15) 29
(140 , 20) 29
(140 , 6) 36
(141 , 85) 32
(141 , 149) 33
(142 , 21) 2
(142 , 13) 20
(143 , 45) 47
(143 , 216) 25
(144 , 167) 49
(144 , 156) 13
(145 , 144) 20
(145 , 73) 40
(146 , 236) 26
(146 , 90) 30
(147 , 182) 48
(147 , 71) 39
(148 , 52) 25
(148 , 61) 10
(149 , 112) 20
(149 , 106) 16
(150 , 59) 48
(150 , 2) 35
(151 , 33) 21
(151 , 176) 50
(152 , 221) 43
(152 , 121) 4
(153 , 119) 32
(153 , 33) 7
(154 , 35) 35
(154 , 94) 39
(155 , 169) 14
(155 , 8) 13
(156 , 224) 15
(156 , 14) 48
(157 , 14) 3
(157 , 183) 2
(158 , 236) 20
(158 , 58) 32
(159 , 219) 49
(159 , 72) 41
(160 , 9) 46
(160 , 222) 32
(161 , 91) 30
(161 , 109) 43
(162 , 151) 17
(162 , 68) 44
(163 , 220) 3
(163 , 56) 29
(164 , 122) 6
(164 , 152) 30
(165 , 148) 36
(165 , 175) 18
(166 , 117) 49
(166 , 65) 2
(167 , 206) 35
(167 , 192) 36
(168 , 186) 21
(168 , 151) 45
(169 , 91) 32
(169 , 220) 1
(170 , 240) 42
(170 , 24) 9
(171 , 104) 1
(171 , 145) 49
(172 , 218) 1
(172 , 189) 4
(173 , 158) 31
(173 , 200) 14
(174 , 115) 26
(174 , 29) 7
(175 , 211) 15
(175 , 184) 7
(176 , 102) 40
(176 , 97) 41
(177 , 31) 14
(177 , 60) 39
(178 , 13) 42
(178 , 167) 26
(179 , 163) 27
(179 , 224) 5
(180 , 125) 45
(180 , 60) 3
(181 , 153) 1
(181 , 186) 20
(182 , 70) 23
(182 , 40) 26
(183 , 181) 18
(183 , 57) 31
(184 , 162) 42
(184 , 128) 39
(185 , 157) 2
(185 , 37) 17
(186 , 203) 41
(186 , 194) 12
(187 , 236) 36
(187 , 227) 34
(188 , 177) 46
(188 , 3) 17
(189 , 124) 13
(189 , 7) 26
(190 , 50) 2
(190 , 240) 13
(191 , 84) 17
(191 , 116) 4
(192 , 138) 3
(192 , 228) 47
(193 , 131) 29
(193 , 52) 32
(194 , 103) 27
(194 , 68) 5
(195 , 209) 2
(195 , 104) 9
(196 , 202) 6
(196 , 234) 18
(197 , 113) 35
(197 , 116) 37
(198 , 240) 10
(198 , 26) 18
(199 , 82) 47
(199 , 237) 6
(200 , 88) 2
(200 , 223) 37
(201 , 134) 26
(201 , 232) 18
(202 , 172) 50
(202 , 10) 6
(203 , 171) 5
(203 , 30) 22
(204 , 115) 40
(204 , 189) 50
(205 , 216) 10
(205 , 108) 13
(206 , 47) 32
(206 , 62) 34
(207 , 210) 4
(207 , 129) 26
(208 , 58) 6
(208 , 61) 24
(209 , 176) 49
(209 , 238) 11
(210 , 16) 20
(210 , 190) 45
(211 , 39) 8
(211 , 128) 35
(212 , 18) 9
(212 , 48) 42
(213 , 93) 43
(213 , 157) 34
(214 , 40) 35
(214 , 161) 3
(215 , 6) 31
(215 , 157) 17
(216 , 4) 49
(216 , 18) 4
(217 , 186) 19
(217 , 159) 16
(218 , 124) 39
(218 , 64) 30
(219 , 212) 32
(219 , 125) 30
(220 , 1) 30
(220 , 221) 47
(221 , 113) 50
(221 , 103) 30
(222 , 216) 45
(222 , 52) 6
(223 , 129) 29
(223 , 31) 5
(224 , 76) 38
(224 , 81) 48
(225 , 184) 33
(225 , 180) 43
(226 , 35) 11
(226 , 10) 12
(227 , 56) 10
(227 , 106) 8
(228 , 30) 19
(228 , 232) 49
(229 , 78) 11
(229 , 82) 25
(230 , 71) 37
(230 , 205) 27
(231 , 151) 14
(231 , 78) 18
(232 , 91) 11
(232 , 208) 8
(233 , 166) 49
(233 , 113) 3
(234 , 63) 27
(234 , 6) 23
(235 , 74) 5
(235 , 43) 24
(236 , 19) 37
(236 , 101) 22
(237 , 47) 14
(237 , 178) 38
(238 , 116) 24
(238 , 68) 32
(239 , 177) 26
(239 , 47) 22
(240 , 97) 1
(240 , 144) 44
(241 , 219) 36
(241 , 70) 47
(242 , 131) 46
(242 , 115) 3
(243 , 185) 5
(243 , 229) 21
