(1 , 522) 37
(1 , 121) 8
(1 , 581) 10
(1 , 45) 12
(2 , 25) 22
(2 , 672) 48
(2 , 575) 38
(2 , 642) 49
(3 , 465) 1
(3 , 374) 15
(3 , 480) 28
(3 , 179) 10
(4 , 208) 1
(4 , 633) 41
(4 , 473) 30
(4 , 598) 40
(5 , 417) 21
(5 , 556) 20
(5 , 668) 29
(5 , 251) 8
(6 , 379) 34
(6 , 666) 47
(6 , 136) 13
(6 , 227) 21
(7 , 336) 35
(7 , 567) 37
(7 , 617) 2
(7 , 480) 12
(8 , 491) 20
(8 , 578) 32
(8 , 64) 7
(8 , 23) 16
(9 , 325) 13
(9 , 447) 23
(9 , 241) 43
(9 , 341) 42
(10 , 224) 30
(10 , 314) 45
(10 , 265) 47
(10 , 648) 14
(11 , 16) 18
(11 , 481) 25
(11 , 180) 11
(11 , 130) 46
(12 , 79) 43
(12 , 173) 25
(12 , 359) 29
(12 , 591) 14
(13 , 126) 40
(13 , 544) 21
(13 , 300) 38
(13 , 229) 32
(14 , 526) 6
(14 , 39) 3
(14 , 379) 43
(14 , 29) 2
(15 , 416) 11
(15 , 236) 1
(15 , 640) 37
(15 , 628) 23
(16 , 39) 9
(16 , 212) 16
(16 , 103) 46
(16 , 204) 19
(17 , 414) 17
(17 , 338) 50
(17 , 676) 29
(17 , 153) 47
(18 , 156) 35
(18 , 241) 11
(18 , 43) 34
(18 , 497) 1
(19 , 282) 38
(19 , 111) 37
(19 , 193) 9
(19 , 329) 41
(20 , 585) 27
(20 , 191) 11
(20 , 558) 41
(20 , 145) 42
(21 , 199) 5
(21 , 133) 4
(21 , 43) 8
(21 , 235) 15
(22 , 704) 23
(22 , 129) 19
(22 , 650) 32
(22 , 307) 11
(23 , 422) 50
(23 , 399) 12
(23 , 174) 50
(23 , 321) 50
(24 , 384) 41
(24 , 306) 50
(24 , 293) 5
(24 , 19) 41
(25 , 628) 28
(25 , 281) 9
(25 , 281) 25
(25 , 262) 44
(26 , 139) 28
(26 , 382) 38
(26 , 279) 42
(26 , 410) 1
(27 , 59) 25
(27 , 165) 36
(27 , 95) 8
(27 , 588) 5
(28 , 312) 36
(28 , 334) 9
(28 , 431) 40
(28 , 661) 30
(29 , 538) 40
(29 , 639) 30
(29 , 688) 30
(29 , 529) 33
(30 , 677) 14
(30 , 417) 45
(30 , 145) 49
(30 , 35) 26
(31 , 631) 40
(31 , 673) 27
(31 , 424) 13
(31 , 236) 30
(32 , 319) 11
(32 , 718) 17
(32 , 168) 45
(32 , 425) 7
(33 , 205) 1
(33 , 380) 2
(33 , 18) 48
(33 , 301) 31
(34 , 112) 32
(34 , 354) 6
(34 , 376) 49
(34 , 337) 32
(35 , 530) 10
(35 , 467) 38
(35 , 535) 6
(35 , 260) 1
(36 , 414) 6
(36 , 636) 6
(36 , 526) 13
(36 , 317) 25
(37 , 626) 3
(37 , 224) 13
(37 , 383) 34
(37 , 152) 42
(38 , 556) 47
(38 , 620) 19
(38 , 553) 31
(38 , 26) 13
(39 , 360) 35
(39 , 363) 7
(39 , 25) 36
(39 , 702) 31
(40 , 406) 46
(40 , 195) 30
(40 , 523) 48
(40 , 464) 41
(41 , 443) 50
(41 , 354) 19
(41 , 433) 37
(41 , 321) 41
(42 , 393) 20
(42 , 158) 8
(42 , 702) 46
(42 , 501) 18
(43 , 491) 38
(43 , 533) 26
(43 , 356) 36
(43 , 577) 5
(44 , 165) 8
(44 , 164) 11
(44 , 314) 33
(44 , 624) 31
(45 , 440) 6
(45 , 239) 47
(45 , 647) 49
(45 , 131) 1
(46 , 141) 3
(46 , 220) 43
(46 , 339) 42
(46 , 714) 1
(47 , 656) 24
(47 , 579) 40
(47 , 220) 11
(47 , 171) 42
(48 , 166) 22
(48 , 91) 38
(48 , 199) 45
(48 , 328) 5
(49 , 653) 27
(49 , 307) 13
(49 , 302) 26
(49 , 28) 21
(50 , 230) 14
(50 , 30) 18
(50 , 698) 28
(50 , 121) 32
(51 , 468) 39
(51 , 188) 33
(51 , 209) 31
(51 , 201) 14
(52 , 29) 27
(52 , 335) 10
(52 , 268) 22
(52 , 416) 47
(53 , 229) 21
(53 , 269) 47
(53 , 430) 3
(53 , 235) 33
(54 , 309) 30
(54 , 429) 15
(54 , 428) 20
(54 , 725) 4
(55 , 142) 45
(55 , 591) 20
(55 , 371) 26
(55 , 394) 29
(56 , 162) 4
(56 , 649) 39
(56 , 682) 48
(56 , 590) 24
(57 , 563) 33
(57 , 723) 4
(57 , 170) 5
(57 , 93) 38
(58 , 669) 6
(58 , 46) 17
(58 , 696) 3
(58 , 113) 11
(59 , 645) 28
(59 , 296) 9
(59 , 396) 23
(59 , 328) 3
(60 , 47) 15
(60 , 141) 45
(60 , 552) 36
(60 , 402) 25
(61 , 626) 8
(61 , 168) 6
(61 , 413) 41
(61 , 69) 10
(62 , 130) 42
(62 , 656) 43
(62 , 13) 16
(62 , 531) 35
(63 , 594) 2
(63 , 50) 22
(63 , 264) 25
(63 , 664) 32
(64 , 645) 49
(64 , 268) 48
(64 , 48) 7
(64 , 601) 9
(65 , 251) 33
(65 , 212) 14
(65 , 233) 27
(65 , 295) 7
(66 , 228) 1
(66 , 441) 14
(66 , 99) 31
(66 , 427) 27
(67 , 88) 47
(67 , 26) 38
(67 , 182) 46
(67 , 422) 35
(68 , 607) 40
(68 , 382) 22
(68 , 255) 48
(68 , 254) 33
(69 , 495) 26
(69 , 288) 6
(69 , 311) 25
(69 , 95) 42
(70 , 371) 6
(70 , 691) 40
(70 , 55) 13
(70 , 178) 25
(71 , 523) 17
(71 , 449) 3
(71 , 684) 47
(71 , 507) 36
(72 , 26) 3
(72 , 687) 44
(72 , 513) 35
(72 , 281) 48
(73 , 212) 45
(73 , 25) 14
(73 , 345) 45
(73 , 612) 11
(74 , 647) 7
(74 , 524) 35
(74 , 41) 6
(74 , 591) 18
(75 , 438) 44
(75 , 278) 2
(75 , 488) 15
(75 , 183) 7
(76 , 330) 41
(76 , 15) 29
(76 , 308) 13
(76 , 646) 21
(77 , 394) 33
(77 , 558) 23
(77 , 149) 1
(77 , 611) 2
(78 , 177) 3
(78 , 708) 12
(78 , 477) 15
(78 , 137) 18
(79 , 359) 26
(79 , 674) 5
(79 , 684) 34
(79 , 599) 44
(80 , 708) 42
(80 , 307) 9
(80 , 226) 13
(80 , 437) 39
(81 , 523) 21
(81 , 229) 7
(81 , 704) 11
(81 , 713) 32
(82 , 405) 49
(82 , 642) 40
(82 , 581) 39
(82 , 520) 39
(83 , 108) 35
(83 , 112) 18
(83 , 580) 31
(83 , 497) 44
(84 , 297) 35
(84 , 565) 6
(84 , 417) 3
(84 , 520) 7
(85 , 647) 22
(85 , 489) 22
(85 , 335) 14
(85 , 693) 13
(86 , 387) 31
(86 , 499) 10
(86 , 16) 38
(86 , 456) 14
(87 , 109) 3
(87 , 31) 36
(87 , 396) 27
(87 , 542) 9
(88 , 372) 44
(88 , 60) 9
(88 , 599) 4
(88 , 187) 21
(89 , 146) 26
(89 , 579) 31
(89 , 468) 15
(89 , 687) 19
(90 , 588) 30
(90 , 686) 10
(90 , 12) 37
(90 , 472) 31
(91 , 700) 46
(91 , 537) 21
(91 , 31) 8
(91 , 409) 43
(92 , 623) 42
(92 , 262) 28
(92 , 54) 6
(92 , 586) 25
(93 , 464) 35
(93 , 10) 32
(93 , 91) 27
(93 , 604) 33
(94 , 37) 4
(94 , 163) 34
(94 , 54) 19
(94 , 146) 26
(95 , 53) 35
(95 , 360) 39
(95 , 295) 17
(95 , 244) 1
(96 , 728) 22
(96 , 610) 41
(96 , 585) 6
(96 , 451) 5
(97 , 691) 29
(97 , 451) 41
(97 , 529) 42
(97 , 130) 21
(98 , 442) 42
(98 , 273) 50
(98 , 579) 46
(98 , 286) 12
(99 , 591) 41
(99 , 577) 10
(99 , 219) 12
(99 , 3) 28
(100 , 238) 30
(100 , 632) 15
(100 , 496) 30
(100 , 442) 44
(101 , 57) 48
(101 , 163) 13
(101 , 592) 49
(101 , 148) 36
(102 , 693) 39
(102 , 257) 22
(102 , 130) 41
(102 , 22) 17
(103 , 274) 9
(103 , 163) 21
(103 , 475) 12
(103 , 37) 6
(104 , 150) 35
(104 , 703) 2
(104 , 65) 33
(104 , 269) 33
(105 , 429) 12
(105 , 293) 5
(105 , 8) 12
(105 , 551) 36
(106 , 249) 25
(106 , 170) 7
(106 , 500) 7
(106 , 296) 7
(107 , 655) 33
(107 , 439) 33
(107 , 682) 44
(107 , 510) 15
(108 , 606) 20
(108 , 632) 7
(108 , 447) 46
(108 , 107) 46
(109 , 95) 19
(109 , 112) 45
(109 , 367) 28
(109 , 316) 45
(110 , 9) 17
(110 , 189) 26
(110 , 94) 40
(110 , 517) 17
(111 , 359) 47
(111 , 625) 24
(111 , 718) 36
(111 , 596) 44
(112 , 312) 27
(112 , 236) 24
(112 , 215) 15
(112 , 563) 31
(113 , 129) 9
(113 , 246) 47
(113 , 564) 48
(113 , 235) 46
(114 , 712) 17
(114 , 613) 40
(114 , 601) 15
(114 , 377) 18
(115 , 71) 2
(115 , 23) 8
(115 , 683) 37
(115 , 630) 47
(116 , 1) 47
(116 , 294) 29
(116 , 382) 11
(116 , 599) 2
(117 , 98) 6
(117 , 133) 43
(117 , 590) 24
(117 , 184) 19
(118 , 242) 36
(118 , 442) 30
(118 , 250) 50
(118 , 258) 22
(119 , 353) 37
(119 , 247) 38
(119 , 353) 29
(119 , 28) 2
(120 , 390) 27
(120 , 178) 37
(120 , 186) 17
(120 , 411) 42
(121 , 285) 39
(121 , 28) 37
(121 , 625) 33
(121 , 582) 18
(122 , 693) 13
(122 , 220) 26
(122 , 556) 28
(122 , 96) 3
(123 , 367) 26
(123 , 153) 20
(123 , 490) 23
(123 , 135) 3
(124 , 651) 13
(124 , 108) 2
(124 , 502) 46
(124 , 552) 42
(125 , 44) 19
(125 , 231) 49
(125 , 484) 49
(125 , 52) 30
(126 , 502) 29
(126 , 499) 2
(126 , 412) 40
(126 , 406) 13
(127 , 573) 34
(127 , 141) 42
(127 , 658) 2
(127 , 502) 31
(128 , 599) 27
(128 , 390) 41
(128 , 389) 36
(128 , 696) 9
(129 , 246) 17
(129 , 473) 27
(129 , 317) 39
(129 , 604) 32
(130 , 167) 14
(130 , 684) 28
(130 , 463) 24
(130 , 21) 34
(131 , 724) 4
(131 , 1) 49
(131 , 22) 1
(131 , 568) 25
(132 , 31) 4
(132 , 31) 32
(132 , 623) 39
(132 , 256) 20
(133 , 144) 17
(133 , 570) 29
(133 , 530) 50
(133 , 416) 20
(134 , 134) 42
(134 , 113) 13
(134 , 156) 11
(134 , 355) 20
(135 , 336) 24
(135 , 341) 7
(135 , 231) 26
(135 , 89) 3
(136 , 79) 39
(136 , 384) 49
(136 , 50) 36
(136 , 534) 24
(137 , 470) 11
(137 , 571) 39
(137 , 293) 4
(137 , 281) 24
(138 , 108) 15
(138 , 548) 36
(138 , 34) 11
(138 , 448) 47
(139 , 518) 31
(139 , 467) 14
(139 , 312) 19
(139 , 207) 43
(140 , 404) 41
(140 , 589) 9
(140 , 108) 48
(140 , 459) 36
(141 , 338) 40
(141 , 462) 27
(141 , 642) 38
(141 , 80) 12
(142 , 433) 9
(142 , 150) 29
(142 , 97) 31
(142 , 501) 7
(143 , 723) 32
(143 , 499) 25
(143 , 315) 11
(143 , 231) 21
(144 , 541) 43
(144 , 19) 10
(144 , 271) 29
(144 , 80) 13
(145 , 305) 5
(145 , 425) 12
(145 , 717) 47
(145 , 48) 40
(146 , 564) 2
(146 , 159) 28
(146 , 21) 18
(146 , 525) 16
(147 , 389) 19
(147 , 682) 47
(147 , 587) 13
(147 , 704) 18
(148 , 702) 41
(148 , 320) 40
(148 , 269) 44
(148 , 28) 8
(149 , 147) 17
(149 , 110) 37
(149 , 573) 41
(149 , 307) 47
(150 , 14) 27
(150 , 402) 4
(150 , 468) 34
(150 , 237) 38
(151 , 286) 43
(151 , 614) 40
(151 , 310) 48
(151 , 490) 19
(152 , 321) 29
(152 , 304) 5
(152 , 240) 16
(152 , 599) 1
(153 , 245) 32
(153 , 559) 48
(153 , 672) 5
(153 , 684) 12
(154 , 360) 17
(154 , 174) 49
(154 , 172) 2
(154 , 547) 28
(155 , 443) 15
(155 , 53) 32
(155 , 384) 14
(155 , 376) 28
(156 , 237) 24
(156 , 403) 46
(156 , 541) 33
(156 , 405) 38
(157 , 238) 4
(157 , 171) 41
(157 , 312) 22
(157 , 668) 15
(158 , 174) 29
(158 , 313) 41
(158 , 425) 7
(158 , 687) 41
(159 , 108) 45
(159 , 300) 9
(159 , 655) 10
(159 , 86) 19
(160 , 437) 43
(160 , 368) 46
(160 , 331) 26
(160 , 58) 17
(161 , 368) 11
(161 , 309) 19
(161 , 432) 32
(161 , 365) 24
(162 , 163) 1
(162 , 247) 26
(162 , 548) 9
(162 , 391) 5
(163 , 553) 33
(163 , 628) 3
(163 , 389) 39
(163 , 726) 36
(164 , 163) 26
(164 , 143) 19
(164 , 669) 38
(164 , 530) 41
(165 , 133) 27
(165 , 231) 34
(165 , 228) 7
(165 , 238) 41
(166 , 256) 29
(166 , 366) 39
(166 , 237) 33
(166 , 553) 14
(167 , 158) 10
(167 , 358) 39
(167 , 22) 5
(167 , 77) 25
(168 , 721) 30
(168 , 490) 1
(168 , 536) 5
(168 , 453) 17
(169 , 403) 6
(169 , 124) 28
(169 , 540) 48
(169 , 600) 23
(170 , 292) 8
(170 , 305) 17
(170 , 133) 48
(170 , 351) 35
(171 , 132) 17
(171 , 428) 8
(171 , 176) 36
(171 , 107) 1
(172 , 523) 50
(172 , 720) 14
(172 , 123) 46
(172 , 385) 3
(173 , 464) 30
(173 , 220) 29
(173 , 348) 28
(173 , 700) 13
(174 , 98) 25
(174 , 698) 18
(174 , 519) 48
(174 , 194) 4
(175 , 100) 9
(175 , 403) 40
(175 , 383) 7
(175 , 336) 19
(176 , 5) 16
(176 , 455) 15
(176 , 499) 20
(176 , 552) 45
(177 , 427) 37
(177 , 144) 14
(177 , 465) 40
(177 , 329) 9
(178 , 29) 13
(178 , 3) 18
(178 , 442) 10
(178 , 268) 9
(179 , 475) 32
(179 , 7) 15
(179 , 395) 5
(179 , 97) 35
(180 , 282) 31
(180 , 17) 35
(180 , 144) 15
(180 , 298) 9
(181 , 94) 35
(181 , 412) 2
(181 , 388) 12
(181 , 438) 25
(182 , 502) 32
(182 , 408) 15
(182 , 45) 36
(182 , 498) 26
(183 , 707) 30
(183 , 470) 3
(183 , 335) 43
(183 , 538) 25
(184 , 232) 29
(184 , 580) 22
(184 , 100) 15
(184 , 91) 44
(185 , 168) 37
(185 , 127) 29
(185 , 22) 27
(185 , 297) 31
(186 , 350) 41
(186 , 690) 6
(186 , 461) 24
(186 , 474) 14
(187 , 305) 25
(187 , 266) 23
(187 , 582) 45
(187 , 434) 34
(188 , 176) 39
(188 , 598) 42
(188 , 167) 15
(188 , 249) 7
(189 , 386) 20
(189 , 702) 35
(189 , 297) 22
(189 , 407) 16
(190 , 578) 1
(190 , 363) 13
(190 , 197) 16
(190 , 402) 22
(191 , 110) 46
(191 , 175) 36
(191 , 391) 17
(191 , 557) 12
(192 , 273) 32
(192 , 722) 1
(192 , 516) 22
(192 , 27) 7
(193 , 470) 39
(193 , 101) 46
(193 , 213) 49
(193 , 208) 38
(194 , 535) 12
(194 , 562) 40
(194 , 248) 49
(194 , 116) 4
(195 , 184) 7
(195 , 337) 16
(195 , 2) 41
(195 , 581) 25
(196 , 666) 42
(196 , 344) 22
(196 , 8) 5
(196 , 640) 1
(197 , 93) 26
(197 , 673) 41
(197 , 522) 35
(197 , 448) 43
(198 , 397) 11
(198 , 353) 48
(198 , 477) 39
(198 , 721) 44
(199 , 502) 26
(199 , 281) 31
(199 , 681) 7
(199 , 722) 48
(200 , 686) 16
(200 , 360) 17
(200 , 170) 22
(200 , 129) 8
(201 , 333) 43
(201 , 589) 1
(201 , 86) 22
(201 , 116) 28
(202 , 177) 34
(202 , 312) 14
(202 , 245) 44
(202 , 146) 18
(203 , 258) 24
(203 , 391) 45
(203 , 380) 23
(203 , 240) 3
(204 , 337) 11
(204 , 402) 16
(204 , 562) 3
(204 , 684) 9
(205 , 650) 29
(205 , 255) 46
(205 , 321) 13
(205 , 94) 12
(206 , 528) 43
(206 , 515) 22
(206 , 6) 23
(206 , 430) 3
(207 , 52) 9
(207 , 440) 29
(207 , 224) 37
(207 , 288) 3
(208 , 229) 43
(208 , 153) 2
(208 , 237) 14
(208 , 590) 41
(209 , 526) 1
(209 , 236) 32
(209 , 642) 37
(209 , 345) 1
(210 , 633) 31
(210 , 287) 6
(210 , 511) 21
(210 , 512) 12
(211 , 398) 6
(211 , 290) 25
(211 , 176) 41
(211 , 297) 12
(212 , 268) 12
(212 , 146) 28
(212 , 114) 1
(212 , 55) 13
(213 , 120) 22
(213 , 453) 33
(213 , 102) 2
(213 , 608) 17
(214 , 315) 48
(214 , 604) 21
(214 , 546) 2
(214 , 380) 13
(215 , 262) 32
(215 , 651) 39
(215 , 569) 27
(215 , 240) 14
(216 , 267) 42
(216 , 307) 36
(216 , 637) 24
(216 , 488) 49
(217 , 122) 14
(217 , 221) 26
(217 , 201) 12
(217 , 290) 5
(218 , 111) 26
(218 , 378) 25
(218 , 31) 5
(218 , 709) 8
(219 , 19) 17
(219 , 169) 38
(219 , 461) 12
(219 , 487) 48
(220 , 575) 36
(220 , 722) 50
(220 , 323) 5
(220 , 154) 15
(221 , 591) 29
(221 , 432) 45
(221 , 583) 14
(221 , 29) 29
(222 , 323) 23
(222 , 101) 30
(222 , 527) 13
(222 , 274) 37
(223 , 720) 18
(223 , 565) 19
(223 , 8) 7
(223 , 526) 36
(224 , 248) 6
(224 , 719) 2
(224 , 246) 38
(224 , 706) 25
(225 , 620) 47
(225 , 646) 38
(225 , 457) 17
(225 , 277) 5
(226 , 696) 42
(226 , 276) 16
(226 , 321) 38
(226 , 650) 9
(227 , 414) 20
(227 , 655) 36
(227 , 388) 35
(227 , 240) 38
(228 , 225) 30
(228 , 666) 37
(228 , 241) 35
(228 , 617) 16
(229 , 164) 26
(229 , 541) 28
(229 , 20) 10
(229 , 422) 23
(230 , 664) 50
(230 , 181) 34
(230 , 180) 39
(230 , 198) 6
(231 , 14) 4
(231 , 217) 11
(231 , 126) 48
(231 , 17) 19
(232 , 42) 13
(232 , 172) 28
(232 , 514) 34
(232 , 323) 43
(233 , 328) 18
(233 , 539) 37
(233 , 532) 8
(233 , 394) 2
(234 , 523) 37
(234 , 637) 5
(234 , 402) 33
(234 , 629) 40
(235 , 307) 10
(235 , 461) 19
(235 , 261) 26
(235 , 21) 45
(236 , 644) 34
(236 , 467) 12
(236 , 33) 31
(236 , 2) 16
(237 , 163) 39
(237 , 636) 44
(237 , 590) 37
(237 , 517) 6
(238 , 372) 10
(238 , 326) 3
(238 , 120) 16
(238 , 548) 32
(239 , 647) 26
(239 , 680) 6
(239 , 671) 10
(239 , 118) 34
(240 , 628) 39
(240 , 713) 48
(240 , 321) 8
(240 , 297) 47
(241 , 52) 11
(241 , 3) 13
(241 , 624) 19
(241 , 273) 11
(242 , 331) 50
(242 , 350) 20
(242 , 259) 30
(242 , 524) 3
(243 , 261) 35
(243 , 141) 36
(243 , 73) 17
(243 , 679) 27
(244 , 108) 14
(244 , 157) 48
(244 , 245) 50
(244 , 133) 18
(245 , 217) 8
(245 , 302) 8
(245 , 514) 37
(245 , 193) 33
(246 , 323) 19
(246 , 290) 38
(246 , 617) 28
(246 , 25) 47
(247 , 477) 26
(247 , 532) 13
(247 , 316) 48
(247 , 394) 34
(248 , 419) 12
(248 , 358) 10
(248 , 423) 26
(248 , 361) 30
(249 , 212) 9
(249 , 254) 18
(249 , 548) 4
(249 , 696) 28
(250 , 367) 38
(250 , 72) 20
(250 , 409) 7
(250 , 593) 6
(251 , 420) 5
(251 , 633) 4
(251 , 52) 43
(251 , 568) 16
(252 , 79) 42
(252 , 152) 35
(252 , 275) 31
(252 , 187) 39
(253 , 194) 11
(253 , 197) 31
(253 , 544) 27
(253 , 405) 33
(254 , 319) 41
(254 , 248) 40
(254 , 61) 44
(254 , 482) 14
(255 , 587) 5
(255 , 115) 4
(255 , 265) 39
(255 , 98) 39
(256 , 395) 45
(256 , 537) 26
(256 , 355) 35
(256 , 14) 35
(257 , 231) 49
(257 , 591) 6
(257 , 577) 2
(257 , 601) 23
(258 , 640) 7
(258 , 186) 18
(258 , 181) 24
(258 , 712) 3
(259 , 656) 37
(259 , 266) 7
(259 , 158) 35
(259 , 499) 21
(260 , 327) 4
(260 , 520) 11
(260 , 671) 26
(260 , 639) 45
(261 , 379) 39
(261 , 597) 41
(261 , 324) 29
(261 , 228) 9
(262 , 432) 43
(262 , 682) 12
(262 , 216) 47
(262 , 547) 27
(263 , 220) 3
(263 , 232) 25
(263 , 612) 23
(263 , 217) 35
(264 , 352) 47
(264 , 688) 46
(264 , 143) 49
(264 , 486) 18
(265 , 530) 9
(265 , 116) 16
(265 , 488) 16
(265 , 42) 25
(266 , 14) 15
(266 , 619) 36
(266 , 672) 23
(266 , 449) 30
(267 , 348) 40
(267 , 14) 10
(267 , 691) 42
(267 , 246) 5
(268 , 92) 32
(268 , 218) 16
(268 , 138) 11
(268 , 631) 22
(269 , 638) 50
(269 , 703) 18
(269 , 607) 11
(269 , 653) 21
(270 , 463) 38
(270 , 308) 23
(270 , 202) 41
(270 , 653) 4
(271 , 531) 9
(271 , 498) 49
(271 , 410) 24
(271 , 697) 24
(272 , 540) 12
(272 , 707) 1
(272 , 126) 48
(272 , 471) 9
(273 , 494) 45
(273 , 353) 1
(273 , 516) 30
(273 , 146) 34
(274 , 612) 1
(274 , 260) 6
(274 , 594) 16
(274 , 445) 47
(275 , 133) 30
(275 , 395) 32
(275 , 115) 47
(275 , 658) 44
(276 , 526) 50
(276 , 45) 7
(276 , 644) 7
(276 , 600) 36
(277 , 566) 5
(277 , 62) 41
(277 , 343) 32
(277 , 64) 6
(278 , 596) 24
(278 , 339) 42
(278 , 289) 42
(278 , 193) 23
(279 , 727) 8
(279 , 180) 17
(279 , 483) 50
(279 , 411) 11
(280 , 138) 37
(280 , 71) 21
(280 , 294) 47
(280 , 582) 15
(281 , 543) 5
(281 , 294) 49
(281 , 476) 2
(281 , 197) 49
(282 , 568) 21
(282 , 569) 37
(282 , 279) 28
(282 , 193) 5
(283 , 155) 36
(283 , 194) 37
(283 , 227) 35
(283 , 52) 16
(284 , 252) 23
(284 , 451) 23
(284 , 166) 20
(284 , 527) 24
(285 , 64) 11
(285 , 63) 6
(285 , 250) 5
(285 , 108) 8
(286 , 558) 1
(286 , 256) 37
(286 , 361) 37
(286 , 328) 30
(287 , 507) 38
(287 , 390) 5
(287 , 577) 26
(287 , 71) 33
(288 , 89) 28
(288 , 207) 39
(288 , 219) 43
(288 , 207) 47
(289 , 63) 5
(289 , 40) 47
(289 , 604) 49
(289 , 595) 1
(290 , 546) 2
(290 , 360) 38
(290 , 588) 1
(290 , 335) 44
(291 , 213) 18
(291 , 696) 9
(291 , 144) 1
(291 , 4) 20
(292 , 350) 24
(292 , 704) 20
(292 , 709) 23
(292 , 702) 19
(293 , 112) 28
(293 , 252) 26
(293 , 6) 7
(293 , 700) 15
(294 , 497) 18
(294 , 505) 43
(294 , 652) 9
(294 , 416) 23
(295 , 532) 7
(295 , 433) 37
(295 , 56) 27
(295 , 624) 40
(296 , 225) 33
(296 , 517) 34
(296 , 656) 32
(296 , 610) 29
(297 , 278) 31
(297 , 117) 49
(297 , 22) 9
(297 , 662) 24
(298 , 176) 13
(298 , 363) 21
(298 , 505) 30
(298 , 438) 2
(299 , 523) 10
(299 , 576) 48
(299 , 243) 33
(299 , 291) 28
(300 , 205) 3
(300 , 526) 38
(300 , 214) 21
(300 , 452) 21
(301 , 650) 46
(301 , 559) 28
(301 , 402) 18
(301 , 533) 4
(302 , 176) 38
(302 , 531) 12
(302 , 356) 44
(302 , 121) 49
(303 , 503) 50
(303 , 690) 4
(303 , 200) 41
(303 , 636) 21
(304 , 70) 46
(304 , 242) 6
(304 , 486) 30
(304 , 526) 5
(305 , 499) 31
(305 , 551) 43
(305 , 386) 19
(305 , 104) 50
(306 , 161) 11
(306 , 159) 28
(306 , 53) 41
(306 , 342) 2
(307 , 119) 6
(307 , 463) 21
(307 , 445) 42
(307 , 264) 23
(308 , 207) 30
(308 , 716) 16
(308 , 685) 18
(308 , 140) 15
(309 , 467) 25
(309 , 569) 27
(309 , 314) 48
(309 , 252) 12
(310 , 471) 27
(310 , 125) 31
(310 , 432) 8
(310 , 297) 5
(311 , 390) 6
(311 , 394) 1
(311 , 335) 13
(311 , 397) 10
(312 , 221) 25
(312 , 280) 17
(312 , 354) 16
(312 , 491) 50
(313 , 454) 42
(313 , 408) 16
(313 , 53) 16
(313 , 320) 9
(314 , 16) 23
(314 , 479) 4
(314 , 438) 44
(314 , 379) 49
(315 , 22) 36
(315 , 489) 45
(315 , 286) 14
(315 , 501) 30
(316 , 397) 24
(316 , 230) 11
(316 , 99) 38
(316 , 439) 36
(317 , 234) 42
(317 , 136) 50
(317 , 496) 45
(317 , 46) 15
(318 , 455) 18
(318 , 154) 50
(318 , 39) 6
(318 , 683) 1
(319 , 547) 13
(319 , 728) 14
(319 , 245) 16
(319 , 548) 29
(320 , 164) 34
(320 , 563) 18
(320 , 709) 23
(320 , 659) 43
(321 , 258) 29
(321 , 521) 23
(321 , 717) 36
(321 , 325) 20
(322 , 483) 36
(322 , 174) 25
(322 , 226) 49
(322 , 388) 47
(323 , 646) 46
(323 , 555) 36
(323 , 452) 15
(323 , 320) 44
(324 , 434) 22
(324 , 595) 29
(324 , 425) 22
(324 , 255) 50
(325 , 199) 20
(325 , 341) 28
(325 , 665) 2
(325 , 448) 37
(326 , 237) 39
(326 , 408) 39
(326 , 137) 21
(326 , 563) 39
(327 , 291) 25
(327 , 195) 7
(327 , 23) 40
(327 , 689) 32
(328 , 534) 50
(328 , 567) 37
(328 , 700) 29
(328 , 146) 4
(329 , 369) 10
(329 , 609) 33
(329 , 5) 17
(329 , 133) 30
(330 , 423) 8
(330 , 703) 20
(330 , 624) 48
(330 , 666) 35
(331 , 98) 49
(331 , 65) 45
(331 , 518) 10
(331 , 223) 12
(332 , 397) 24
(332 , 39) 24
(332 , 367) 38
(332 , 299) 25
(333 , 302) 3
(333 , 311) 6
(333 , 79) 16
(333 , 299) 1
(334 , 310) 42
(334 , 332) 50
(334 , 649) 3
(334 , 441) 12
(335 , 667) 31
(335 , 634) 35
(335 , 146) 9
(335 , 38) 1
(336 , 15) 49
(336 , 151) 8
(336 , 703) 33
(336 , 528) 31
(337 , 135) 33
(337 , 47) 36
(337 , 339) 46
(337 , 179) 21
(338 , 502) 46
(338 , 152) 14
(338 , 234) 35
(338 , 359) 1
(339 , 325) 25
(339 , 340) 37
(339 , 402) 32
(339 , 368) 27
(340 , 712) 36
(340 , 52) 39
(340 , 437) 28
(340 , 241) 31
(341 , 27) 48
(341 , 394) 28
(341 , 567) 15
(341 , 170) 48
(342 , 92) 6
(342 , 410) 17
(342 , 387) 22
(342 , 405) 2
(343 , 262) 33
(343 , 623) 7
(343 , 51) 50
(343 , 383) 10
(344 , 7) 9
(344 , 324) 11
(344 , 16) 15
(344 , 191) 49
(345 , 50) 3
(345 , 11) 16
(345 , 76) 42
(345 , 442) 42
(346 , 311) 39
(346 , 710) 17
(346 , 225) 3
(346 , 455) 35
(347 , 87) 2
(347 , 128) 12
(347 , 372) 13
(347 , 527) 18
(348 , 617) 41
(348 , 358) 45
(348 , 107) 48
(348 , 65) 33
(349 , 78) 16
(349 , 522) 26
(349 , 697) 44
(349 , 213) 18
(350 , 77) 50
(350 , 49) 26
(350 , 620) 47
(350 , 120) 22
(351 , 122) 39
(351 , 504) 32
(351 , 140) 35
(351 , 177) 10
(352 , 725) 43
(352 , 251) 8
(352 , 361) 39
(352 , 18) 33
(353 , 155) 17
(353 , 680) 13
(353 , 181) 27
(353 , 627) 10
(354 , 517) 43
(354 , 499) 41
(354 , 621) 30
(354 , 175) 40
(355 , 640) 47
(355 , 677) 4
(355 , 422) 37
(355 , 19) 45
(356 , 648) 26
(356 , 296) 16
(356 , 614) 50
(356 , 58) 50
(357 , 14) 31
(357 , 167) 45
(357 , 184) 29
(357 , 343) 35
(358 , 447) 34
(358 , 535) 30
(358 , 233) 43
(358 , 439) 3
(359 , 293) 3
(359 , 314) 49
(359 , 580) 6
(359 , 478) 37
(360 , 580) 42
(360 , 102) 35
(360 , 306) 36
(360 , 584) 7
(361 , 179) 43
(361 , 241) 30
(361 , 468) 35
(361 , 20) 5
(362 , 55) 16
(362 , 249) 29
(362 , 480) 7
(362 , 471) 23
(363 , 708) 1
(363 , 8) 46
(363 , 87) 37
(363 , 149) 20
(364 , 8) 9
(364 , 244) 39
(364 , 629) 28
(364 , 276) 32
(365 , 393) 1
(365 , 62) 29
(365 , 437) 20
(365 , 19) 8
(366 , 202) 10
(366 , 547) 13
(366 , 496) 32
(366 , 334) 39
(367 , 399) 11
(367 , 434) 21
(367 , 353) 5
(367 , 467) 29
(368 , 480) 36
(368 , 539) 37
(368 , 190) 19
(368 , 546) 1
(369 , 273) 47
(369 , 330) 6
(369 , 443) 7
(369 , 514) 27
(370 , 246) 15
(370 , 270) 42
(370 , 514) 10
(370 , 525) 22
(371 , 125) 48
(371 , 168) 38
(371 , 55) 28
(371 , 308) 4
(372 , 615) 28
(372 , 308) 22
(372 , 6) 17
(372 , 318) 14
(373 , 115) 36
(373 , 446) 43
(373 , 443) 45
(373 , 578) 42
(374 , 218) 25
(374 , 569) 12
(374 , 258) 12
(374 , 585) 30
(375 , 448) 37
(375 , 131) 17
(375 , 353) 38
(375 , 511) 5
(376 , 367) 18
(376 , 344) 12
(376 , 3) 5
(376 , 480) 22
(377 , 128) 16
(377 , 628) 43
(377 , 650) 44
(377 , 629) 25
(378 , 26) 46
(378 , 527) 40
(378 , 475) 35
(378 , 598) 41
(379 , 493) 49
(379 , 601) 46
(379 , 591) 10
(379 , 197) 44
(380 , 326) 34
(380 , 138) 39
(380 , 330) 41
(380 , 201) 31
(381 , 469) 45
(381 , 521) 30
(381 , 190) 28
(381 , 59) 45
(382 , 257) 12
(382 , 44) 27
(382 , 95) 20
(382 , 239) 21
(383 , 65) 32
(383 , 554) 17
(383 , 330) 31
(383 , 484) 2
(384 , 382) 17
(384 , 70) 25
(384 , 46) 20
(384 , 539) 13
(385 , 551) 47
(385 , 585) 14
(385 , 596) 50
(385 , 109) 47
(386 , 25) 50
(386 , 637) 31
(386 , 421) 6
(386 , 566) 38
(387 , 226) 50
(387 , 439) 22
(387 , 194) 31
(387 , 9) 14
(388 , 295) 31
(388 , 568) 27
(388 , 654) 23
(388 , 216) 49
(389 , 356) 37
(389 , 599) 4
(389 , 87) 35
(389 , 416) 42
(390 , 505) 49
(390 , 223) 28
(390 , 278) 25
(390 , 75) 10
(391 , 680) 5
(391 , 168) 9
(391 , 337) 23
(391 , 23) 38
(392 , 468) 25
(392 , 32) 23
(392 , 345) 32
(392 , 569) 34
(393 , 542) 26
(393 , 575) 37
(393 , 95) 27
(393 , 389) 43
(394 , 636) 32
(394 , 564) 30
(394 , 65) 1
(394 , 723) 31
(395 , 235) 31
(395 , 545) 14
(395 , 588) 10
(395 , 210) 12
(396 , 562) 36
(396 , 555) 27
(396 , 448) 18
(396 , 453) 36
(397 , 334) 20
(397 , 573) 45
(397 , 158) 27
(397 , 527) 21
(398 , 688) 6
(398 , 514) 34
(398 , 693) 9
(398 , 523) 25
(399 , 532) 24
(399 , 194) 38
(399 , 196) 24
(399 , 533) 34
(400 , 112) 36
(400 , 15) 6
(400 , 473) 35
(400 , 686) 43
(401 , 252) 20
(401 , 47) 18
(401 , 74) 48
(401 , 446) 13
(402 , 264) 49
(402 , 618) 44
(402 , 232) 46
(402 , 218) 44
(403 , 280) 39
(403 , 52) 22
(403 , 273) 44
(403 , 154) 49
(404 , 59) 20
(404 , 95) 12
(404 , 224) 48
(404 , 438) 44
(405 , 727) 19
(405 , 28) 14
(405 , 45) 32
(405 , 160) 8
(406 , 261) 45
(406 , 706) 46
(406 , 112) 24
(406 , 250) 16
(407 , 286) 45
(407 , 557) 9
(407 , 693) 25
(407 , 84) 42
(408 , 602) 46
(408 , 336) 18
(408 , 457) 30
(408 , 6) 33
(409 , 64) 27
(409 , 177) 44
(409 , 422) 49
(409 , 296) 3
(410 , 32) 42
(410 , 72) 33
(410 , 562) 34
(410 , 75) 32
(411 , 616) 3
(411 , 627) 13
(411 , 243) 33
(411 , 418) 36
(412 , 322) 35
(412 , 441) 3
(412 , 108) 1
(412 , 225) 24
(413 , 707) 27
(413 , 314) 40
(413 , 503) 12
(413 , 307) 10
(414 , 373) 32
(414 , 246) 33
(414 , 647) 7
(414 , 380) 11
(415 , 370) 5
(415 , 179) 16
(415 , 153) 49
(415 , 153) 34
(416 , 6) 50
(416 , 124) 28
(416 , 597) 28
(416 , 141) 15
(417 , 93) 33
(417 , 341) 20
(417 , 572) 33
(417 , 336) 47
(418 , 570) 34
(418 , 693) 9
(418 , 458) 7
(418 , 170) 49
(419 , 276) 2
(419 , 636) 21
(419 , 492) 43
(419 , 320) 33
(420 , 281) 17
(420 , 95) 9
(420 , 685) 36
(420 , 142) 9
(421 , 562) 36
(421 , 249) 19
(421 , 481) 14
(421 , 80) 34
(422 , 515) 49
(422 , 308) 31
(422 , 342) 9
(422 , 305) 8
(423 , 61) 26
(423 , 590) 34
(423 , 165) 4
(423 , 232) 28
(424 , 340) 7
(424 , 350) 14
(424 , 156) 11
(424 , 207) 45
(425 , 105) 23
(425 , 258) 15
(425 , 412) 21
(425 , 618) 10
(426 , 47) 15
(426 , 258) 33
(426 , 288) 28
(426 , 34) 19
(427 , 205) 18
(427 , 250) 29
(427 , 558) 7
(427 , 399) 20
(428 , 707) 19
(428 , 275) 17
(428 , 586) 21
(428 , 168) 17
(429 , 195) 22
(429 , 529) 31
(429 , 4) 31
(429 , 433) 36
(430 , 451) 9
(430 , 374) 24
(430 , 541) 12
(430 , 459) 18
(431 , 370) 29
(431 , 676) 19
(431 , 437) 14
(431 , 341) 10
(432 , 437) 11
(432 , 144) 42
(432 , 199) 9
(432 , 322) 35
(433 , 140) 28
(433 , 31) 50
(433 , 103) 32
(433 , 45) 24
(434 , 624) 10
(434 , 572) 30
(434 , 185) 37
(434 , 307) 29
(435 , 203) 27
(435 , 60) 1
(435 , 359) 8
(435 , 47) 40
(436 , 605) 8
(436 , 319) 35
(436 , 395) 49
(436 , 669) 33
(437 , 582) 41
(437 , 701) 5
(437 , 209) 9
(437 , 479) 42
(438 , 254) 46
(438 , 199) 30
(438 , 56) 4
(438 , 197) 42
(439 , 649) 3
(439 , 436) 47
(439 , 409) 5
(439 , 8) 18
(440 , 90) 41
(440 , 515) 10
(440 , 25) 37
(440 , 330) 28
(441 , 655) 32
(441 , 184) 48
(441 , 226) 37
(441 , 201) 24
(442 , 397) 40
(442 , 142) 28
(442 , 592) 12
(442 , 484) 34
(443 , 450) 11
(443 , 275) 7
(443 , 200) 46
(443 , 457) 39
(444 , 671) 22
(444 , 570) 2
(444 , 276) 23
(444 , 204) 42
(445 , 207) 6
(445 , 659) 2
(445 , 319) 43
(445 , 407) 41
(446 , 491) 24
(446 , 684) 38
(446 , 230) 36
(446 , 646) 22
(447 , 486) 18
(447 , 286) 43
(447 , 482) 34
(447 , 637) 21
(448 , 319) 7
(448 , 518) 30
(448 , 626) 42
(448 , 385) 49
(449 , 344) 3
(449 , 16) 10
(449 , 251) 7
(449 , 645) 5
(450 , 33) 11
(450 , 43) 3
(450 , 35) 13
(450 , 552) 6
(451 , 90) 33
(451 , 645) 13
(451 , 37) 1
(451 , 330) 12
(452 , 638) 47
(452 , 441) 6
(452 , 702) 48
(452 , 558) 10
(453 , 47) 40
(453 , 715) 36
(453 , 48) 45
(453 , 131) 8
(454 , 581) 42
(454 , 127) 47
(454 , 566) 9
(454 , 505) 24
(455 , 656) 28
(455 , 189) 50
(455 , 131) 8
(455 , 407) 37
(456 , 227) 3
(456 , 506) 20
(456 , 573) 38
(456 , 296) 22
(457 , 357) 44
(457 , 50) 26
(457 , 29) 13
(457 , 44) 33
(458 , 654) 49
(458 , 202) 34
(458 , 488) 32
(458 , 657) 2
(459 , 724) 38
(459 , 723) 35
(459 , 137) 42
(459 , 131) 4
(460 , 549) 18
(460 , 310) 5
(460 , 454) 17
(460 , 292) 37
(461 , 42) 1
(461 , 33) 1
(461 , 152) 11
(461 , 571) 49
(462 , 250) 31
(462 , 197) 27
(462 , 221) 23
(462 , 171) 13
(463 , 54) 40
(463 , 563) 24
(463 , 525) 19
(463 , 689) 22
(464 , 64) 41
(464 , 301) 43
(464 , 202) 38
(464 , 252) 9
(465 , 42) 18
(465 , 389) 49
(465 , 524) 21
(465 , 217) 26
(466 , 665) 11
(466 , 237) 14
(466 , 516) 31
(466 , 96) 6
(467 , 692) 24
(467 , 297) 5
(467 , 456) 34
(467 , 17) 41
(468 , 99) 38
(468 , 246) 6
(468 , 696) 15
(468 , 424) 11
(469 , 442) 18
(469 , 385) 11
(469 , 236) 19
(469 , 108) 22
(470 , 375) 7
(470 , 572) 47
(470 , 194) 48
(470 , 495) 49
(471 , 109) 7
(471 , 675) 41
(471 , 298) 26
(471 , 278) 27
(472 , 393) 47
(472 , 146) 47
(472 , 196) 40
(472 , 63) 35
(473 , 622) 27
(473 , 25) 17
(473 , 94) 39
(473 , 451) 15
(474 , 498) 49
(474 , 113) 35
(474 , 596) 17
(474 , 474) 44
(475 , 212) 1
(475 , 305) 8
(475 , 568) 27
(475 , 455) 19
(476 , 21) 41
(476 , 665) 12
(476 , 171) 17
(476 , 280) 47
(477 , 456) 12
(477 , 204) 29
(477 , 397) 47
(477 , 427) 35
(478 , 718) 16
(478 , 44) 40
(478 , 369) 3
(478 , 414) 49
(479 , 483) 17
(479 , 179) 26
(479 , 692) 34
(479 , 692) 39
(480 , 44) 17
(480 , 627) 29
(480 , 200) 26
(480 , 611) 11
(481 , 680) 21
(481 , 481) 16
(481 , 393) 2
(481 , 450) 48
(482 , 706) 25
(482 , 213) 9
(482 , 23) 18
(482 , 320) 37
(483 , 540) 36
(483 , 571) 28
(483 , 356) 20
(483 , 143) 33
(484 , 51) 49
(484 , 214) 15
(484 , 156) 43
(484 , 187) 46
(485 , 335) 11
(485 , 534) 32
(485 , 279) 25
(485 , 639) 42
(486 , 7) 43
(486 , 553) 10
(486 , 288) 21
(486 , 14) 40
(487 , 456) 42
(487 , 530) 4
(487 , 342) 19
(487 , 654) 12
(488 , 271) 10
(488 , 567) 22
(488 , 206) 41
(488 , 247) 25
(489 , 711) 35
(489 , 130) 35
(489 , 546) 31
(489 , 231) 25
(490 , 264) 11
(490 , 427) 29
(490 , 4) 28
(490 , 549) 6
(491 , 400) 6
(491 , 574) 12
(491 , 160) 43
(491 , 239) 10
(492 , 191) 47
(492 , 692) 37
(492 , 85) 1
(492 , 164) 26
(493 , 19) 23
(493 , 576) 1
(493 , 598) 14
(493 , 280) 39
(494 , 192) 1
(494 , 49) 9
(494 , 529) 20
(494 , 531) 38
(495 , 381) 3
(495 , 651) 49
(495 , 454) 37
(495 , 222) 31
(496 , 595) 38
(496 , 517) 22
(496 , 513) 34
(496 , 582) 25
(497 , 63) 36
(497 , 459) 27
(497 , 58) 28
(497 , 229) 28
(498 , 529) 29
(498 , 410) 24
(498 , 562) 22
(498 , 418) 39
(499 , 392) 9
(499 , 140) 47
(499 , 630) 50
(499 , 208) 30
(500 , 139) 20
(500 , 19) 35
(500 , 431) 44
(500 , 500) 22
(501 , 447) 9
(501 , 604) 30
(501 , 304) 42
(501 , 610) 44
(502 , 617) 6
(502 , 511) 37
(502 , 630) 2
(502 , 518) 21
(503 , 266) 2
(503 , 578) 37
(503 , 465) 15
(503 , 344) 17
(504 , 158) 12
(504 , 62) 27
(504 , 420) 17
(504 , 40) 18
(505 , 688) 40
(505 , 497) 30
(505 , 166) 33
(505 , 420) 39
(506 , 401) 3
(506 , 90) 18
(506 , 716) 43
(506 , 112) 26
(507 , 623) 6
(507 , 167) 29
(507 , 647) 22
(507 , 517) 35
(508 , 665) 38
(508 , 103) 48
(508 , 666) 14
(508 , 521) 1
(509 , 140) 7
(509 , 513) 33
(509 , 152) 39
(509 , 435) 18
(510 , 429) 22
(510 , 616) 33
(510 , 479) 4
(510 , 444) 38
(511 , 465) 15
(511 , 691) 11
(511 , 48) 43
(511 , 276) 4
(512 , 669) 24
(512 , 484) 20
(512 , 190) 40
(512 , 159) 47
(513 , 440) 15
(513 , 346) 31
(513 , 374) 13
(513 , 512) 24
(514 , 507) 24
(514 , 579) 23
(514 , 527) 19
(514 , 310) 39
(515 , 236) 43
(515 , 482) 10
(515 , 57) 8
(515 , 555) 6
(516 , 7) 37
(516 , 212) 32
(516 , 571) 48
(516 , 554) 15
(517 , 75) 29
(517 , 615) 5
(517 , 548) 16
(517 , 287) 18
(518 , 391) 48
(518 , 157) 46
(518 , 307) 41
(518 , 395) 33
(519 , 257) 28
(519 , 222) 10
(519 , 99) 45
(519 , 347) 14
(520 , 503) 4
(520 , 566) 30
(520 , 618) 49
(520 , 92) 36
(521 , 506) 28
(521 , 492) 2
(521 , 573) 6
(521 , 556) 48
(522 , 477) 46
(522 , 346) 32
(522 , 399) 9
(522 , 505) 46
(523 , 105) 18
(523 , 600) 40
(523 , 696) 24
(523 , 61) 20
(524 , 395) 2
(524 , 68) 10
(524 , 311) 19
(524 , 581) 46
(525 , 155) 33
(525 , 111) 9
(525 , 24) 34
(525 , 431) 50
(526 , 343) 15
(526 , 37) 46
(526 , 74) 49
(526 , 112) 38
(527 , 726) 27
(527 , 318) 26
(527 , 403) 13
(527 , 467) 49
(528 , 639) 13
(528 , 242) 7
(528 , 545) 8
(528 , 686) 47
(529 , 308) 28
(529 , 309) 45
(529 , 194) 49
(529 , 184) 43
(530 , 284) 30
(530 , 467) 6
(530 , 429) 40
(530 , 648) 7
(531 , 101) 29
(531 , 347) 36
(531 , 258) 20
(531 , 687) 3
(532 , 28) 36
(532 , 470) 4
(532 , 432) 49
(532 , 235) 46
(533 , 667) 27
(533 , 698) 39
(533 , 446) 7
(533 , 669) 5
(534 , 432) 7
(534 , 8) 34
(534 , 668) 12
(534 , 372) 35
(535 , 458) 4
(535 , 285) 17
(535 , 248) 3
(535 , 238) 14
(536 , 219) 44
(536 , 407) 13
(536 , 691) 15
(536 , 327) 5
(537 , 229) 35
(537 , 247) 34
(537 , 511) 47
(537 , 215) 26
(538 , 212) 29
(538 , 178) 5
(538 , 329) 38
(538 , 231) 41
(539 , 368) 34
(539 , 621) 47
(539 , 543) 27
(539 , 673) 19
(540 , 482) 9
(540 , 374) 6
(540 , 332) 26
(540 , 266) 2
(541 , 54) 3
(541 , 194) 27
(541 , 379) 30
(541 , 535) 23
(542 , 383) 3
(542 , 246) 46
(542 , 590) 17
(542 , 149) 16
(543 , 500) 42
(543 , 431) 26
(543 , 187) 41
(543 , 334) 42
(544 , 149) 26
(544 , 230) 30
(544 , 701) 49
(544 , 627) 3
(545 , 421) 13
(545 , 445) 3
(545 , 336) 18
(545 , 242) 28
(546 , 233) 17
(546 , 517) 23
(546 , 120) 45
(546 , 588) 38
(547 , 705) 33
(547 , 483) 7
(547 , 704) 48
(547 , 178) 45
(548 , 612) 39
(548 , 577) 35
(548 , 559) 9
(548 , 269) 11
(549 , 62) 38
(549 , 258) 50
(549 , 233) 29
(549 , 601) 46
(550 , 345) 35
(550 , 541) 2
(550 , 35) 47
(550 , 295) 33
(551 , 129) 50
(551 , 135) 28
(551 , 310) 34
(551 , 321) 5
(552 , 335) 1
(552 , 681) 7
(552 , 456) 42
(552 , 666) 15
(553 , 576) 15
(553 , 586) 24
(553 , 178) 32
(553 , 356) 15
(554 , 632) 2
(554 , 27) 21
(554 , 284) 23
(554 , 595) 18
(555 , 636) 21
(555 , 214) 49
(555 , 390) 45
(555 , 433) 25
(556 , 572) 29
(556 , 2) 18
(556 , 546) 16
(556 , 226) 9
(557 , 594) 40
(557 , 128) 20
(557 , 687) 36
(557 , 325) 47
(558 , 155) 37
(558 , 264) 36
(558 , 384) 38
(558 , 514) 29
(559 , 467) 14
(559 , 397) 47
(559 , 402) 24
(559 , 108) 24
(560 , 301) 31
(560 , 198) 25
(560 , 403) 24
(560 , 633) 3
(561 , 79) 40
(561 , 81) 36
(561 , 308) 12
(561 , 226) 19
(562 , 727) 23
(562 , 476) 24
(562 , 185) 47
(562 , 127) 4
(563 , 653) 28
(563 , 332) 6
(563 , 175) 4
(563 , 100) 6
(564 , 675) 13
(564 , 210) 42
(564 , 39) 39
(564 , 502) 31
(565 , 439) 2
(565 , 118) 2
(565 , 36) 11
(565 , 316) 49
(566 , 578) 38
(566 , 702) 32
(566 , 449) 24
(566 , 125) 37
(567 , 26) 22
(567 , 558) 41
(567 , 520) 34
(567 , 100) 15
(568 , 607) 44
(568 , 482) 15
(568 , 459) 28
(568 , 301) 42
(569 , 116) 40
(569 , 109) 23
(569 , 505) 27
(569 , 594) 38
(570 , 728) 4
(570 , 408) 10
(570 , 193) 28
(570 , 135) 19
(571 , 244) 32
(571 , 314) 10
(571 , 361) 6
(571 , 338) 31
(572 , 308) 32
(572 , 160) 46
(572 , 5) 34
(572 , 348) 44
(573 , 305) 30
(573 , 83) 39
(573 , 456) 50
(573 , 105) 10
(574 , 724) 39
(574 , 532) 44
(574 , 77) 6
(574 , 326) 17
(575 , 655) 11
(575 , 272) 3
(575 , 447) 41
(575 , 131) 50
(576 , 10) 17
(576 , 662) 7
(576 , 269) 47
(576 , 626) 25
(577 , 36) 29
(577 , 80) 25
(577 , 310) 13
(577 , 439) 23
(578 , 682) 35
(578 , 95) 23
(578 , 403) 8
(578 , 569) 49
(579 , 629) 50
(579 , 679) 13
(579 , 216) 18
(579 , 648) 28
(580 , 551) 33
(580 , 612) 39
(580 , 223) 3
(580 , 129) 32
(581 , 403) 36
(581 , 336) 45
(581 , 129) 47
(581 , 191) 22
(582 , 10) 18
(582 , 276) 7
(582 , 268) 2
(582 , 511) 35
(583 , 176) 21
(583 , 302) 40
(583 , 314) 49
(583 , 607) 1
(584 , 566) 27
(584 , 214) 1
(584 , 554) 49
(584 , 614) 26
(585 , 297) 28
(585 , 443) 13
(585 , 232) 8
(585 , 504) 21
(586 , 142) 6
(586 , 267) 24
(586 , 528) 32
(586 , 231) 1
(587 , 604) 41
(587 , 214) 16
(587 , 40) 39
(587 , 693) 9
(588 , 62) 6
(588 , 560) 8
(588 , 93) 40
(588 , 590) 45
(589 , 673) 28
(589 , 78) 32
(589 , 540) 31
(589 , 106) 40
(590 , 350) 27
(590 , 71) 23
(590 , 179) 1
(590 , 310) 38
(591 , 363) 5
(591 , 226) 44
(591 , 558) 18
(591 , 671) 32
(592 , 378) 36
(592 , 566) 42
(592 , 155) 28
(592 , 492) 7
(593 , 247) 18
(593 , 535) 8
(593 , 505) 31
(593 , 421) 33
(594 , 506) 7
(594 , 542) 5
(594 , 627) 41
(594 , 416) 45
(595 , 695) 3
(595 , 163) 15
(595 , 410) 16
(595 , 704) 34
(596 , 651) 17
(596 , 36) 43
(596 , 124) 30
(596 , 602) 3
(597 , 636) 46
(597 , 314) 47
(597 , 639) 48
(597 , 422) 23
(598 , 433) 14
(598 , 472) 43
(598 , 40) 48
(598 , 611) 4
(599 , 569) 2
(599 , 80) 5
(599 , 582) 6
(599 , 691) 35
(600 , 698) 5
(600 , 429) 14
(600 , 521) 35
(600 , 68) 25
(601 , 380) 1
(601 , 188) 12
(601 , 253) 37
(601 , 280) 5
(602 , 633) 44
(602 , 156) 11
(602 , 451) 29
(602 , 1) 21
(603 , 320) 15
(603 , 44) 12
(603 , 244) 20
(603 , 345) 35
(604 , 209) 20
(604 , 222) 1
(604 , 554) 47
(604 , 145) 39
(605 , 230) 18
(605 , 246) 1
(605 , 449) 10
(605 , 633) 43
(606 , 61) 41
(606 , 86) 3
(606 , 505) 49
(606 , 388) 50
(607 , 345) 50
(607 , 281) 2
(607 , 169) 20
(607 , 539) 43
(608 , 320) 26
(608 , 389) 14
(608 , 531) 31
(608 , 225) 9
(609 , 45) 9
(609 , 121) 30
(609 , 401) 12
(609 , 477) 21
(610 , 536) 8
(610 , 147) 19
(610 , 713) 6
(610 , 320) 50
(611 , 77) 23
(611 , 410) 9
(611 , 154) 46
(611 , 501) 18
(612 , 619) 1
(612 , 457) 20
(612 , 362) 14
(612 , 313) 4
(613 , 435) 35
(613 , 186) 22
(613 , 343) 28
(613 , 620) 42
(614 , 108) 26
(614 , 235) 23
(614 , 347) 4
(614 , 382) 3
(615 , 466) 35
(615 , 98) 6
(615 , 141) 35
(615 , 619) 42
(616 , 571) 47
(616 , 36) 39
(616 , 214) 48
(616 , 42) 47
(617 , 429) 45
(617 , 167) 16
(617 , 37) 26
(617 , 263) 14
(618 , 497) 21
(618 , 479) 5
(618 , 471) 30
(618 , 172) 39
(619 , 149) 25
(619 , 666) 36
(619 , 443) 14
(619 , 254) 31
(620 , 429) 46
(620 , 390) 8
(620 , 513) 18
(620 , 356) 16
(621 , 462) 5
(621 , 719) 8
(621 , 345) 49
(621 , 570) 11
(622 , 340) 50
(622 , 327) 37
(622 , 181) 16
(622 , 408) 11
(623 , 592) 14
(623 , 604) 27
(623 , 246) 7
(623 , 75) 38
(624 , 246) 26
(624 , 647) 3
(624 , 597) 17
(624 , 440) 37
(625 , 151) 8
(625 , 392) 8
(625 , 161) 34
(625 , 110) 48
(626 , 453) 26
(626 , 41) 47
(626 , 476) 48
(626 , 164) 40
(627 , 296) 32
(627 , 711) 29
(627 , 377) 3
(627 , 416) 35
(628 , 62) 7
(628 , 91) 4
(628 , 24) 49
(628 , 640) 42
(629 , 558) 39
(629 , 9) 20
(629 , 134) 15
(629 , 326) 23
(630 , 101) 11
(630 , 117) 47
(630 , 277) 16
(630 , 477) 20
(631 , 660) 7
(631 , 376) 23
(631 , 576) 13
(631 , 658) 32
(632 , 597) 7
(632 , 278) 40
(632 , 179) 50
(632 , 460) 50
(633 , 434) 32
(633 , 514) 12
(633 , 552) 4
(633 , 31) 22
(634 , 724) 26
(634 , 293) 22
(634 , 442) 17
(634 , 628) 11
(635 , 44) 9
(635 , 680) 1
(635 , 184) 31
(635 , 724) 9
(636 , 328) 3
(636 , 10) 29
(636 , 553) 13
(636 , 453) 35
(637 , 665) 11
(637 , 97) 4
(637 , 465) 25
(637 , 111) 18
(638 , 722) 23
(638 , 469) 39
(638 , 520) 10
(638 , 329) 11
(639 , 366) 37
(639 , 562) 19
(639 , 223) 26
(639 , 203) 29
(640 , 492) 36
(640 , 284) 10
(640 , 97) 29
(640 , 293) 33
(641 , 590) 49
(641 , 675) 44
(641 , 714) 42
(641 , 426) 2
(642 , 593) 31
(642 , 12) 39
(642 , 427) 47
(642 , 637) 6
(643 , 612) 35
(643 , 471) 22
(643 , 550) 14
(643 , 644) 45
(644 , 120) 21
(644 , 181) 25
(644 , 387) 33
(644 , 85) 43
(645 , 302) 29
(645 , 606) 40
(645 , 213) 37
(645 , 535) 21
(646 , 91) 21
(646 , 521) 48
(646 , 376) 30
(646 , 50) 14
(647 , 411) 23
(647 , 356) 40
(647 , 664) 4
(647 , 423) 29
(648 , 455) 22
(648 , 177) 16
(648 , 307) 3
(648 , 477) 42
(649 , 422) 30
(649 , 594) 12
(649 , 464) 18
(649 , 580) 20
(650 , 342) 45
(650 , 2) 9
(650 , 181) 33
(650 , 525) 29
(651 , 32) 38
(651 , 218) 25
(651 , 321) 35
(651 , 604) 23
(652 , 281) 29
(652 , 289) 14
(652 , 455) 14
(652 , 321) 2
(653 , 101) 5
(653 , 700) 8
(653 , 206) 33
(653 , 327) 38
(654 , 195) 50
(654 , 336) 8
(654 , 571) 29
(654 , 110) 43
(655 , 421) 4
(655 , 214) 28
(655 , 263) 21
(655 , 536) 21
(656 , 702) 27
(656 , 546) 3
(656 , 378) 17
(656 , 472) 39
(657 , 662) 38
(657 , 375) 19
(657 , 36) 16
(657 , 162) 26
(658 , 637) 43
(658 , 536) 27
(658 , 456) 16
(658 , 204) 4
(659 , 288) 48
(659 , 549) 24
(659 , 144) 9
(659 , 33) 4
(660 , 472) 47
(660 , 441) 3
(660 , 538) 10
(660 , 29) 28
(661 , 349) 43
(661 , 653) 34
(661 , 86) 9
(661 , 96) 27
(662 , 415) 26
(662 , 469) 24
(662 , 498) 24
(662 , 520) 44
(663 , 440) 35
(663 , 95) 24
(663 , 570) 36
(663 , 143) 39
(664 , 445) 12
(664 , 210) 20
(664 , 340) 2
(664 , 51) 13
(665 , 346) 43
(665 , 502) 35
(665 , 12) 44
(665 , 682) 34
(666 , 377) 13
(666 , 121) 2
(666 , 234) 40
(666 , 588) 18
(667 , 140) 29
(667 , 104) 21
(667 , 324) 36
(667 , 161) 49
(668 , 697) 26
(668 , 248) 13
(668 , 108) 45
(668 , 648) 8
(669 , 255) 39
(669 , 434) 32
(669 , 570) 39
(669 , 28) 45
(670 , 553) 31
(670 , 330) 28
(670 , 152) 17
(670 , 328) 13
(671 , 57) 3
(671 , 419) 18
(671 , 640) 21
(671 , 613) 5
(672 , 556) 37
(672 , 414) 29
(672 , 493) 6
(672 , 133) 11
(673 , 318) 27
(673 , 351) 14
(673 , 588) 1
(673 , 389) 28
(674 , 192) 31
(674 , 561) 29
(674 , 342) 15
(674 , 206) 43
(675 , 116) 44
(675 , 276) 50
(675 , 89) 32
(675 , 344) 4
(676 , 689) 21
(676 , 582) 18
(676 , 367) 41
(676 , 355) 25
(677 , 33) 34
(677 , 281) 15
(677 , 609) 21
(677 , 4) 35
(678 , 718) 14
(678 , 438) 8
(678 , 459) 8
(678 , 350) 16
(679 , 44) 31
(679 , 454) 38
(679 , 529) 36
(679 , 125) 23
(680 , 249) 14
(680 , 52) 48
(680 , 134) 43
(680 , 564) 39
(681 , 270) 43
(681 , 333) 45
(681 , 123) 12
(681 , 681) 5
(682 , 475) 37
(682 , 362) 16
(682 , 492) 17
(682 , 701) 17
(683 , 395) 38
(683 , 433) 9
(683 , 432) 30
(683 , 392) 45
(684 , 490) 50
(684 , 400) 41
(684 , 22) 5
(684 , 590) 29
(685 , 389) 36
(685 , 124) 46
(685 , 264) 34
(685 , 248) 49
(686 , 19) 6
(686 , 201) 47
(686 , 613) 36
(686 , 250) 14
(687 , 28) 37
(687 , 581) 7
(687 , 22) 5
(687 , 10) 25
(688 , 429) 5
(688 , 367) 22
(688 , 331) 25
(688 , 2) 41
(689 , 316) 22
(689 , 626) 31
(689 , 309) 43
(689 , 609) 47
(690 , 434) 3
(690 , 600) 27
(690 , 707) 7
(690 , 566) 13
(691 , 48) 9
(691 , 511) 16
(691 , 546) 13
(691 , 425) 19
(692 , 489) 15
(692 , 426) 36
(692 , 348) 8
(692 , 258) 41
(693 , 75) 38
(693 , 239) 1
(693 , 598) 6
(693 , 566) 49
(694 , 679) 5
(694 , 140) 50
(694 , 115) 32
(694 , 116) 40
(695 , 708) 45
(695 , 33) 2
(695 , 668) 34
(695 , 636) 35
(696 , 238) 50
(696 , 218) 17
(696 , 308) 3
(696 , 442) 10
(697 , 221) 48
(697 , 219) 10
(697 , 233) 16
(697 , 152) 39
(698 , 352) 35
(698 , 474) 35
(698 , 698) 10
(698 , 59) 36
(699 , 21) 35
(699 , 608) 20
(699 , 41) 13
(699 , 181) 18
(700 , 727) 3
(700 , 384) 13
(700 , 51) 39
(700 , 69) 24
(701 , 528) 14
(701 , 594) 30
(701 , 179) 31
(701 , 526) 6
(702 , 386) 43
(702 , 427) 18
(702 , 311) 16
(702 , 453) 36
(703 , 288) 10
(703 , 721) 27
(703 , 67) 17
(703 , 453) 4
(704 , 656) 13
(704 , 155) 30
(704 , 403) 38
(704 , 617) 39
(705 , 718) 7
(705 , 675) 19
(705 , 129) 2
(705 , 436) 44
(706 , 204) 42
(706 , 367) 3
(706 , 600) 36
(706 , 514) 8
(707 , 113) 47
(707 , 585) 37
(707 , 295) 46
(707 , 508) 41
(708 , 171) 15
(708 , 342) 9
(708 , 371) 36
(708 , 424) 16
(709 , 501) 9
(709 , 698) 42
(709 , 143) 6
(709 , 627) 13
(710 , 672) 19
(710 , 89) 1
(710 , 703) 20
(710 , 545) 4
(711 , 235) 18
(711 , 459) 28
(711 , 496) 43
(711 , 522) 18
(712 , 95) 21
(712 , 457) 44
(712 , 605) 12
(712 , 372) 34
(713 , 152) 48
(713 , 255) 12
(713 , 577) 4
(713 , 55) 46
(714 , 346) 28
(714 , 243) 39
(714 , 52) 30
(714 , 4) 50
(715 , 541) 8
(715 , 687) 36
(715 , 116) 13
(715 , 488) 11
(716 , 359) 5
(716 , 23) 15
(716 , 13) 7
(716 , 502) 31
(717 , 663) 46
(717 , 481) 17
(717 , 515) 10
(717 , 401) 8
(718 , 608) 32
(718 , 29) 19
(718 , 485) 1
(718 , 167) 37
(719 , 173) 26
(719 , 317) 28
(719 , 282) 4
(719 , 60) 16
(720 , 189) 18
(720 , 217) 5
(720 , 561) 5
(720 , 554) 25
(721 , 21) 38
(721 , 521) 27
(721 , 283) 24
(721 , 136) 41
(722 , 678) 36
(722 , 375) 39
(722 , 569) 33
(722 , 665) 32
(723 , 373) 12
(723 , 666) 32
(723 , 228) 29
(723 , 204) 26
(724 , 182) 25
(724 , 151) 35
(724 , 216) 5
(724 , 702) 7
(725 , 572) 18
(725 , 294) 2
(725 , 245) 3
(725 , 420) 17
(726 , 341) 44
(726 , 728) 40
(726 , 619) 4
(726 , 99) 35
(727 , 110) 19
(727 , 331) 4
(727 , 211) 41
(727 , 90) 46
(728 , 154) 32
(728 , 444) 11
(728 , 187) 32
(728 , 241) 19
(729 , 127) 43
(729 , 499) 2
(729 , 554) 34
(729 , 694) 32
