(1 , 3) 16
(1 , 74) 28
(2 , 54) 13
(2 , 9) 4
(3 , 21) 4
(3 , 78) 39
(4 , 25) 8
(4 , 47) 36
(5 , 15) 29
(5 , 54) 36
(6 , 68) 7
(6 , 7) 43
(7 , 48) 20
(7 , 66) 23
(8 , 21) 33
(8 , 42) 8
(9 , 29) 33
(9 , 53) 32
(10 , 74) 26
(10 , 49) 6
(11 , 78) 44
(11 , 41) 48
(12 , 25) 48
(12 , 34) 2
(13 , 59) 40
(13 , 58) 27
(14 , 27) 22
(14 , 36) 14
(15 , 32) 50
(15 , 46) 3
(16 , 7) 23
(16 , 2) 45
(17 , 17) 44
(17 , 33) 4
(18 , 77) 16
(18 , 15) 13
(19 , 55) 46
(19 , 2) 27
(20 , 72) 38
(20 , 11) 4
(21 , 33) 7
(21 , 54) 26
(22 , 63) 11
(22 , 51) 26
(23 , 16) 15
(23 , 20) 8
(24 , 61) 41
(24 , 23) 22
(25 , 28) 48
(25 , 45) 36
(26 , 44) 34
(26 , 71) 14
(27 , 56) 40
(27 , 66) 10
(28 , 10) 32
(28 , 5) 7
(29 , 76) 12
(29 , 69) 1
(30 , 52) 17
(30 , 73) 29
(31 , 5) 34
(31 , 3) 6
(32 , 14) 49
(32 , 38) 10
(33 , 9) 29
(33 , 5) 46
(34 , 64) 47
(34 , 48) 25
(35 , 20) 17
(35 , 24) 13
(36 , 22) 14
(36 , 24) 31
(37 , 18) 41
(37 , 32) 38
(38 , 8) 6
(38 , 67) 43
(39 , 79) 32
(39 , 17) 21
(40 , 7) 10
(40 , 23) 22
(41 , 66) 21
(41 , 41) 14
(42 , 80) 16
(42 , 8) 10
(43 , 8) 2
(43 , 48) 10
(44 , 41) 45
(44 , 38) 17
(45 , 41) 47
(45 , 37) 31
(46 , 49) 10
(46 , 34) 20
(47 , 72) 1
(47 , 54) 46
(48 , 35) 27
(48 , 53) 48
(49 , 60) 34
(49 , 18) 34
(50 , 28) 17
(50 , 46) 42
(51 , 79) 23
(51 , 77) 19
(52 , 53) 18
(52 , 2) 8
(53 , 13) 8
(53 , 71) 18
(54 , 73) 16
(54 , 37) 38
(55 , 75) 5
(55 , 79) 47
(56 , 39) 36
(56 , 2) 9
(57 , 66) 9
(57 , 6) 8
(58 , 7) 28
(58 , 42) 22
(59 , 20) 12
(59 , 57) 40
(60 , 64) 13
(60 , 20) 14
(61 , 45) 48
(61 , 9) 33
(62 , 1) 47
(62 , 23) 6
(63 , 48) 26
(63 , 63) 34
(64 , 15) 11
(64 , 56) 18
(65 , 27) 25
(65 , 48) 32
(66 , 79) 33
(66 , 76) 46
(67 , 54) 18
(67 , 73) 48
(68 , 69) 48
(68 , 79) 22
(69 , 43) 17
(69 , 67) 40
(70 , 16) 45
(70 , 81) 25
(71 , 37) 18
(71 , 38) 49
(72 , 69) 46
(72 , 24) 2
(73 , 59) 32
(73 , 39) 2
(74 , 65) 35
(74 , 54) 41
(75 , 6) 47
(75 , 13) 48
(76 , 38) 25
(76 , 19) 47
(77 , 43) 32
(77 , 55) 43
(78 , 80) 8
(78 , 12) 10
(79 , 48) 34
(79 , 42) 9
(80 , 43) 5
(80 , 78) 47
(81 , 29) 16
(81 , 6) 40
