17
316
378
479
495
545
560
599
617
650
673
857
910
924
1074
1100
1147
1159
1221
1241
1245
1287
1290
1346
1377
1387
1511
1523
1660
1693
1712
1999
2024
2056
2108
2124
2191
2339
2379
2389
2410
2687
2821
2858
2866
2951
2994
3030
3118
3173
3180
3194
3202
3219
3382
3488
3645
3668
3862
3867
3918
3991
4006
4025
4090
4167
4180
4249
4253
4303
4376
4508
4698
4814
4845
4845
4876
4881
5101
5117
5123
5209
5266
5303
5364
5372
5450
5466
5484
5642
5832
5855
5913
6034
6137
6158
6261
6272
6286
6374
6392
6577
6683
6702
6803
6890
6949
7039
7127
7180
7195
7238
7272
7311
7392
7407
7423
7450
7492
7593
7775
7786
8022
8044
8156
8216
8241
8340
8483
8653
8699
8810
8871
8924
8981
9013
9134
9149
9256
9279
9289
9345
9628
9670
9706
9745
9801
9821
9845
9894
9918
9955
9974
10034
10156
10169
10263
10309
10348
10381
10440
10562
10566
10693
10744
10851
10918
10931
10982
11002
11185
11222
11224
11250
11364
11384
11420
11519
11695
11859
11869
11877
11951
11961
12096
12187
12212
12216
12233
12373
12440
12592
12616
12619
12663
12680
12828
12839
12858
12946
13076
13076
13083
13169
13293
13358
13507
13609
13735
13756
13932
14105
14145
14223
14249
14304
14325
14354
14378
14401
14452
14518
14606
14667
14743
14823
14888
14919
15041
15074
15099
15147
15194
15215
15432
15536
15678
15770
15774
15789
15849
15911
16166
16180
16289
16295
16308
16415
16436
16539
16586
16592
16688
16737
16774
16911
16948
17155
17196
17209
17255
17331
17336
17351
17430
17485
17518
17533
17652
17687
17693
17699
17756
17839
17910
18057
18099
18220
18358
18526
18549
18600
18625
18692
18760
18763
18895
18941
18953
18966
18982
19168
19207
19428
19444
19478
19773
19888
19925
19938
19990
20011
20044
20130
20283
20322
20326
20459
20486
20632
20641
20644
20666
20699
20747
20903
20904
20964
20967
21085
21132
21176
21181
21294
21315
21329
21392
21499
21587
21680
21797
21811
21945
21960
22145
22150
22201
22239
22266
22371
22379
22415
22506
22521
22535
22710
22715
22861
23038
23080
23184
23292
23313
23320
23406
23406
23445
23453
23477
23552
23562
23603
23650
23750
23862
24110
24130
24147
24168
24176
24248
24259
24273
24295
24437
24505
24506
24554
24563
24574
24594
24597
24679
24712
24748
24772
24792
24859
24865
24922
24971
25063
25140
25229
25382
25684
25767
25782
25797
25864
25917
25965
26008
26025
26083
26126
26215
26225
26294
26311
26435
26477
26507
26646
26654
26672
26766
26804
26811
26847
26939
27037
27084
27090
27175
27253
27368
27403
27435
27484
27519
27641
27727
27751
27826
27867
27912
27918
27940
27953
28174
28267
28316
28330
28344
28392
28401
28428
28487
28530
28552
28641
28696
28834
28919
28972
28996
29254
29426
29440
29479
29586
29676
29706
29751
29840
29858
29962
30057
30229
30230
30235
30254
30388
30396
30441
30447
30481
30518
30529
30560
30609
30689
30774
30782
30784
30811
30936
30980
30990
31029
31067
31262
31278
31305
31402
31585
31616
31940
31945
31969
31985
32050
32305
32348
32482
32489
32579
32615
32636
32650
32658
