1 to 2	w : 49
(1,13,15,2)
1 to 3	w : 50
(1,19,22,21,25,3)
1 to 4	w : 33
(1,19,22,21,4)
1 to 5	w : 102
(1,13,15,7,9,16,5)
1 to 6	w : 53
(1,19,22,21,25,3,6)
1 to 7	w : 37
(1,13,15,7)
1 to 8	w : 31
(1,19,22,26,8)
1 to 9	w : 38
(1,13,15,7,9)
1 to 10	w : 47
(1,10)
1 to 11	w : 38
(1,19,22,11)
1 to 12	w : 54
(1,19,22,26,17,12)
1 to 13	w : 18
(1,13)
1 to 14	w : 58
(1,19,22,26,17,14)
1 to 15	w : 32
(1,13,15)
1 to 16	w : 77
(1,13,15,7,9,16)
1 to 17	w : 48
(1,19,22,26,17)
1 to 18	w : 56
(1,19,22,26,18)
1 to 19	w : 13
(1,19)
1 to 20	w : 62
(1,19,22,21,25,3,6,20)
1 to 21	w : 27
(1,19,22,21)
1 to 22	w : 17
(1,19,22)
1 to 23	w : 91
(1,13,15,2,23)
1 to 24	w : 73
(1,19,22,21,25,3,6,20,24)
1 to 25	w : 34
(1,19,22,21,25)
1 to 26	w : 19
(1,19,22,26)
1 to 27	w : 63
(1,13,27)
2 to 1	w : 70
(2,23,3,6,19,1)
2 to 3	w : 57
(2,23,3)
2 to 4	w : 81
(2,23,3,6,19,22,21,4)
2 to 5	w : 87
(2,7,9,16,5)
2 to 6	w : 60
(2,23,3,6)
2 to 7	w : 22
(2,7)
2 to 8	w : 65
(2,7,17,12,10,8)
2 to 9	w : 23
(2,7,9)
2 to 10	w : 62
(2,7,17,12,10)
2 to 11	w : 69
(2,23,3,11)
2 to 12	w : 43
(2,7,17,12)
2 to 13	w : 88
(2,23,3,6,19,1,13)
2 to 14	w : 47
(2,7,17,14)
2 to 15	w : 53
(2,7,17,15)
2 to 16	w : 62
(2,7,9,16)
2 to 17	w : 37
(2,7,17)
2 to 18	w : 29
(2,18)
2 to 19	w : 61
(2,23,3,6,19)
2 to 20	w : 69
(2,23,3,6,20)
2 to 21	w : 75
(2,23,3,6,19,22,21)
2 to 22	w : 65
(2,23,3,6,19,22)
2 to 23	w : 42
(2,23)
2 to 24	w : 68
(2,7,9,16,24)
2 to 25	w : 51
(2,18,25)
2 to 26	w : 67
(2,23,3,6,19,22,26)
2 to 27	w : 100
(2,7,9,16,24,27)
3 to 1	w : 13
(3,6,19,1)
3 to 2	w : 62
(3,6,19,1,13,15,2)
3 to 4	w : 24
(3,6,19,22,21,4)
3 to 5	w : 99
(3,7,9,16,5)
3 to 6	w : 3
(3,6)
3 to 7	w : 34
(3,7)
3 to 8	w : 22
(3,6,19,22,26,8)
3 to 9	w : 35
(3,7,9)
3 to 10	w : 60
(3,6,19,1,10)
3 to 11	w : 12
(3,11)
3 to 12	w : 45
(3,6,19,22,26,17,12)
3 to 13	w : 31
(3,6,19,1,13)
3 to 14	w : 49
(3,6,19,22,26,17,14)
3 to 15	w : 45
(3,6,19,1,13,15)
3 to 16	w : 74
(3,7,9,16)
3 to 17	w : 39
(3,6,19,22,26,17)
3 to 18	w : 47
(3,6,19,22,26,18)
3 to 19	w : 4
(3,6,19)
3 to 20	w : 12
(3,6,20)
3 to 21	w : 18
(3,6,19,22,21)
3 to 22	w : 8
(3,6,19,22)
3 to 23	w : 94
(3,6,20,24,27,23)
3 to 24	w : 23
(3,6,20,24)
3 to 25	w : 25
(3,6,19,22,21,25)
3 to 26	w : 10
(3,6,19,22,26)
3 to 27	w : 55
(3,6,20,24,27)
4 to 1	w : 35
(4,6,19,1)
4 to 2	w : 84
(4,6,19,1,13,15,2)
4 to 3	w : 58
(4,25,3)
4 to 5	w : 137
(4,6,19,1,13,15,7,9,16,5)
4 to 6	w : 25
(4,6)
4 to 7	w : 72
(4,6,19,1,13,15,7)
4 to 8	w : 44
(4,6,19,22,26,8)
4 to 9	w : 73
(4,6,19,1,13,15,7,9)
4 to 10	w : 81
(4,25,17,12,10)
4 to 11	w : 51
(4,6,19,22,11)
4 to 12	w : 62
(4,25,17,12)
4 to 13	w : 53
(4,6,19,1,13)
4 to 14	w : 66
(4,25,17,14)
4 to 15	w : 67
(4,6,19,1,13,15)
4 to 16	w : 112
(4,6,19,1,13,15,7,9,16)
4 to 17	w : 56
(4,25,17)
4 to 18	w : 69
(4,6,19,22,26,18)
4 to 19	w : 26
(4,6,19)
4 to 20	w : 34
(4,6,20)
4 to 21	w : 40
(4,6,19,22,21)
4 to 22	w : 30
(4,6,19,22)
4 to 23	w : 116
(4,6,20,24,27,23)
4 to 24	w : 45
(4,6,20,24)
4 to 25	w : 42
(4,25)
4 to 26	w : 32
(4,6,19,22,26)
4 to 27	w : 77
(4,6,20,24,27)
5 to 1	w : 40
(5,20,19,1)
5 to 2	w : 59
(5,17,15,2)
5 to 3	w : 56
(5,20,24,3)
5 to 4	w : 51
(5,20,19,22,21,4)
5 to 6	w : 59
(5,20,24,3,6)
5 to 7	w : 47
(5,17,15,7)
5 to 8	w : 49
(5,20,19,22,26,8)
5 to 9	w : 42
(5,9)
5 to 10	w : 51
(5,17,12,10)
5 to 11	w : 56
(5,20,19,22,11)
5 to 12	w : 32
(5,17,12)
5 to 13	w : 58
(5,20,19,1,13)
5 to 14	w : 36
(5,17,14)
5 to 15	w : 42
(5,17,15)
5 to 16	w : 81
(5,9,16)
5 to 17	w : 26
(5,17)
5 to 18	w : 62
(5,17,12,18)
5 to 19	w : 31
(5,20,19)
5 to 20	w : 4
(5,20)
5 to 21	w : 45
(5,20,19,22,21)
5 to 22	w : 35
(5,20,19,22)
5 to 23	w : 86
(5,20,24,27,23)
5 to 24	w : 15
(5,20,24)
5 to 25	w : 52
(5,20,19,22,21,25)
5 to 26	w : 37
(5,20,19,22,26)
5 to 27	w : 47
(5,20,24,27)
6 to 1	w : 10
(6,19,1)
6 to 2	w : 59
(6,19,1,13,15,2)
6 to 3	w : 38
(6,19,22,21,25,3)
6 to 4	w : 21
(6,19,22,21,4)
6 to 5	w : 112
(6,19,1,13,15,7,9,16,5)
6 to 7	w : 47
(6,19,1,13,15,7)
6 to 8	w : 19
(6,19,22,26,8)
6 to 9	w : 48
(6,19,1,13,15,7,9)
6 to 10	w : 57
(6,19,1,10)
6 to 11	w : 26
(6,19,22,11)
6 to 12	w : 42
(6,19,22,26,17,12)
6 to 13	w : 28
(6,19,1,13)
6 to 14	w : 46
(6,19,22,26,17,14)
6 to 15	w : 42
(6,19,1,13,15)
6 to 16	w : 87
(6,19,1,13,15,7,9,16)
6 to 17	w : 36
(6,19,22,26,17)
6 to 18	w : 44
(6,19,22,26,18)
6 to 19	w : 1
(6,19)
6 to 20	w : 9
(6,20)
6 to 21	w : 15
(6,19,22,21)
6 to 22	w : 5
(6,19,22)
6 to 23	w : 91
(6,20,24,27,23)
6 to 24	w : 20
(6,20,24)
6 to 25	w : 22
(6,19,22,21,25)
6 to 26	w : 7
(6,19,22,26)
6 to 27	w : 52
(6,20,24,27)
7 to 1	w : 59
(7,9,19,1)
7 to 2	w : 48
(7,17,15,2)
7 to 3	w : 59
(7,17,12,25,3)
7 to 4	w : 70
(7,9,19,22,21,4)
7 to 5	w : 65
(7,9,16,5)
7 to 6	w : 62
(7,17,12,25,3,6)
7 to 8	w : 43
(7,17,12,10,8)
7 to 9	w : 1
(7,9)
7 to 10	w : 40
(7,17,12,10)
7 to 11	w : 71
(7,17,12,25,3,11)
7 to 12	w : 21
(7,17,12)
7 to 13	w : 77
(7,9,19,1,13)
7 to 14	w : 25
(7,17,14)
7 to 15	w : 31
(7,17,15)
7 to 16	w : 40
(7,9,16)
7 to 17	w : 15
(7,17)
7 to 18	w : 51
(7,17,12,18)
7 to 19	w : 50
(7,9,19)
7 to 20	w : 65
(7,17,12,10,20)
7 to 21	w : 64
(7,9,19,22,21)
7 to 22	w : 54
(7,9,19,22)
7 to 23	w : 90
(7,17,15,2,23)
7 to 24	w : 46
(7,9,16,24)
7 to 25	w : 43
(7,17,12,25)
7 to 26	w : 56
(7,9,19,22,26)
7 to 27	w : 78
(7,9,16,24,27)
8 to 1	w : 37
(8,19,1)
8 to 2	w : 86
(8,19,1,13,15,2)
8 to 3	w : 65
(8,19,22,21,25,3)
8 to 4	w : 48
(8,19,22,21,4)
8 to 5	w : 139
(8,19,1,13,15,7,9,16,5)
8 to 6	w : 50
(8,6)
8 to 7	w : 74
(8,19,1,13,15,7)
8 to 9	w : 75
(8,19,1,13,15,7,9)
8 to 10	w : 84
(8,19,1,10)
8 to 11	w : 53
(8,19,22,11)
8 to 12	w : 69
(8,19,22,26,17,12)
8 to 13	w : 55
(8,19,1,13)
8 to 14	w : 73
(8,19,22,26,17,14)
8 to 15	w : 69
(8,19,1,13,15)
8 to 16	w : 114
(8,19,1,13,15,7,9,16)
8 to 17	w : 63
(8,19,22,26,17)
8 to 18	w : 71
(8,19,22,26,18)
8 to 19	w : 28
(8,19)
8 to 20	w : 59
(8,6,20)
8 to 21	w : 42
(8,19,22,21)
8 to 22	w : 32
(8,19,22)
8 to 23	w : 128
(8,19,1,13,15,2,23)
8 to 24	w : 70
(8,6,20,24)
8 to 25	w : 49
(8,19,22,21,25)
8 to 26	w : 34
(8,19,22,26)
8 to 27	w : 100
(8,19,1,13,27)
9 to 1	w : 58
(9,19,1)
9 to 2	w : 67
(9,17,15,2)
9 to 3	w : 78
(9,17,12,25,3)
9 to 4	w : 69
(9,19,22,21,4)
9 to 5	w : 64
(9,16,5)
9 to 6	w : 81
(9,17,12,25,3,6)
9 to 7	w : 55
(9,17,15,7)
9 to 8	w : 62
(9,17,12,10,8)
9 to 10	w : 59
(9,17,12,10)
9 to 11	w : 74
(9,19,22,11)
9 to 12	w : 40
(9,17,12)
9 to 13	w : 76
(9,19,1,13)
9 to 14	w : 44
(9,17,14)
9 to 15	w : 50
(9,17,15)
9 to 16	w : 39
(9,16)
9 to 17	w : 34
(9,17)
9 to 18	w : 70
(9,17,12,18)
9 to 19	w : 49
(9,19)
9 to 20	w : 68
(9,16,5,20)
9 to 21	w : 63
(9,19,22,21)
9 to 22	w : 53
(9,19,22)
9 to 23	w : 109
(9,17,15,2,23)
9 to 24	w : 45
(9,16,24)
9 to 25	w : 62
(9,17,12,25)
9 to 26	w : 55
(9,19,22,26)
9 to 27	w : 77
(9,16,24,27)
10 to 1	w : 40
(10,8,19,1)
10 to 2	w : 65
(10,25,17,15,2)
10 to 3	w : 34
(10,25,3)
10 to 4	w : 51
(10,8,19,22,21,4)
10 to 5	w : 118
(10,25,17,15,7,9,16,5)
10 to 6	w : 37
(10,25,3,6)
10 to 7	w : 53
(10,25,17,15,7)
10 to 8	w : 3
(10,8)
10 to 9	w : 54
(10,25,17,15,7,9)
10 to 11	w : 46
(10,25,3,11)
10 to 12	w : 38
(10,25,17,12)
10 to 13	w : 58
(10,8,19,1,13)
10 to 14	w : 42
(10,25,17,14)
10 to 15	w : 48
(10,25,17,15)
10 to 16	w : 93
(10,25,17,15,7,9,16)
10 to 17	w : 32
(10,25,17)
10 to 18	w : 68
(10,25,17,12,18)
10 to 19	w : 31
(10,8,19)
10 to 20	w : 25
(10,20)
10 to 21	w : 45
(10,8,19,22,21)
10 to 22	w : 35
(10,8,19,22)
10 to 23	w : 107
(10,25,17,15,2,23)
10 to 24	w : 36
(10,20,24)
10 to 25	w : 18
(10,25)
10 to 26	w : 37
(10,8,19,22,26)
10 to 27	w : 68
(10,20,24,27)
11 to 1	w : 66
(11,21,25,3,6,19,1)
11 to 2	w : 84
(11,21,25,17,15,2)
11 to 3	w : 53
(11,21,25,3)
11 to 4	w : 36
(11,21,4)
11 to 5	w : 137
(11,21,25,17,15,7,9,16,5)
11 to 6	w : 56
(11,21,25,3,6)
11 to 7	w : 72
(11,21,25,17,15,7)
11 to 8	w : 31
(11,8)
11 to 9	w : 73
(11,21,25,17,15,7,9)
11 to 10	w : 76
(11,21,25,17,12,10)
11 to 12	w : 57
(11,21,25,17,12)
11 to 13	w : 84
(11,21,25,3,6,19,1,13)
11 to 14	w : 61
(11,21,25,17,14)
11 to 15	w : 67
(11,21,25,17,15)
11 to 16	w : 112
(11,21,25,17,15,7,9,16)
11 to 17	w : 51
(11,21,25,17)
11 to 18	w : 81
(11,22,26,18)
11 to 19	w : 57
(11,21,25,3,6,19)
11 to 20	w : 65
(11,21,25,3,6,20)
11 to 21	w : 30
(11,21)
11 to 22	w : 42
(11,22)
11 to 23	w : 126
(11,21,25,17,15,2,23)
11 to 24	w : 76
(11,21,25,3,6,20,24)
11 to 25	w : 37
(11,21,25)
11 to 26	w : 44
(11,22,26)
11 to 27	w : 108
(11,21,25,3,6,20,24,27)
12 to 1	w : 51
(12,25,3,6,19,1)
12 to 2	w : 69
(12,25,17,15,2)
12 to 3	w : 38
(12,25,3)
12 to 4	w : 62
(12,25,3,6,19,22,21,4)
12 to 5	w : 122
(12,25,17,15,7,9,16,5)
12 to 6	w : 41
(12,25,3,6)
12 to 7	w : 57
(12,25,17,15,7)
12 to 8	w : 22
(12,10,8)
12 to 9	w : 58
(12,25,17,15,7,9)
12 to 10	w : 19
(12,10)
12 to 11	w : 50
(12,25,3,11)
12 to 13	w : 69
(12,25,3,6,19,1,13)
12 to 14	w : 46
(12,25,17,14)
12 to 15	w : 52
(12,25,17,15)
12 to 16	w : 97
(12,25,17,15,7,9,16)
12 to 17	w : 36
(12,25,17)
12 to 18	w : 30
(12,18)
12 to 19	w : 42
(12,25,3,6,19)
12 to 20	w : 44
(12,10,20)
12 to 21	w : 56
(12,25,3,6,19,22,21)
12 to 22	w : 46
(12,25,3,6,19,22)
12 to 23	w : 111
(12,25,17,15,2,23)
12 to 24	w : 55
(12,10,20,24)
12 to 25	w : 22
(12,25)
12 to 26	w : 48
(12,25,3,6,19,22,26)
12 to 27	w : 87
(12,10,20,24,27)
13 to 1	w : 47
(13,1)
13 to 2	w : 31
(13,15,2)
13 to 3	w : 73
(13,27,21,25,3)
13 to 4	w : 56
(13,27,21,4)
13 to 5	w : 84
(13,15,7,9,16,5)
13 to 6	w : 76
(13,27,21,25,3,6)
13 to 7	w : 19
(13,15,7)
13 to 8	w : 62
(13,15,7,17,12,10,8)
13 to 9	w : 20
(13,15,7,9)
13 to 10	w : 59
(13,15,7,17,12,10)
13 to 11	w : 85
(13,1,19,22,11)
13 to 12	w : 40
(13,15,7,17,12)
13 to 14	w : 44
(13,15,7,17,14)
13 to 15	w : 14
(13,15)
13 to 16	w : 59
(13,15,7,9,16)
13 to 17	w : 34
(13,15,7,17)
13 to 18	w : 60
(13,15,2,18)
13 to 19	w : 60
(13,1,19)
13 to 20	w : 84
(13,15,7,17,12,10,20)
13 to 21	w : 50
(13,27,21)
13 to 22	w : 64
(13,1,19,22)
13 to 23	w : 73
(13,15,2,23)
13 to 24	w : 65
(13,15,7,9,16,24)
13 to 25	w : 57
(13,27,21,25)
13 to 26	w : 60
(13,15,26)
13 to 27	w : 45
(13,27)
14 to 1	w : 57
(14,10,8,19,1)
14 to 2	w : 82
(14,10,25,17,15,2)
14 to 3	w : 51
(14,10,25,3)
14 to 4	w : 68
(14,10,8,19,22,21,4)
14 to 5	w : 135
(14,10,25,17,15,7,9,16,5)
14 to 6	w : 54
(14,10,25,3,6)
14 to 7	w : 70
(14,10,25,17,15,7)
14 to 8	w : 20
(14,10,8)
14 to 9	w : 71
(14,10,25,17,15,7,9)
14 to 10	w : 17
(14,10)
14 to 11	w : 63
(14,10,25,3,11)
14 to 12	w : 55
(14,10,25,17,12)
14 to 13	w : 75
(14,10,8,19,1,13)
14 to 15	w : 65
(14,10,25,17,15)
14 to 16	w : 110
(14,10,25,17,15,7,9,16)
14 to 17	w : 49
(14,10,25,17)
14 to 18	w : 85
(14,10,25,17,12,18)
14 to 19	w : 48
(14,10,8,19)
14 to 20	w : 42
(14,20)
14 to 21	w : 62
(14,10,8,19,22,21)
14 to 22	w : 52
(14,10,8,19,22)
14 to 23	w : 124
(14,10,25,17,15,2,23)
14 to 24	w : 53
(14,20,24)
14 to 25	w : 35
(14,10,25)
14 to 26	w : 54
(14,10,8,19,22,26)
14 to 27	w : 85
(14,20,24,27)
15 to 1	w : 64
(15,7,9,19,1)
15 to 2	w : 17
(15,2)
15 to 3	w : 64
(15,7,17,12,25,3)
15 to 4	w : 75
(15,7,9,19,22,21,4)
15 to 5	w : 70
(15,7,9,16,5)
15 to 6	w : 67
(15,7,17,12,25,3,6)
15 to 7	w : 5
(15,7)
15 to 8	w : 48
(15,7,17,12,10,8)
15 to 9	w : 6
(15,7,9)
15 to 10	w : 45
(15,7,17,12,10)
15 to 11	w : 76
(15,7,17,12,25,3,11)
15 to 12	w : 26
(15,7,17,12)
15 to 13	w : 82
(15,7,9,19,1,13)
15 to 14	w : 30
(15,7,17,14)
15 to 16	w : 45
(15,7,9,16)
15 to 17	w : 20
(15,7,17)
15 to 18	w : 46
(15,2,18)
15 to 19	w : 55
(15,7,9,19)
15 to 20	w : 70
(15,7,17,12,10,20)
15 to 21	w : 69
(15,7,9,19,22,21)
15 to 22	w : 59
(15,7,9,19,22)
15 to 23	w : 59
(15,2,23)
15 to 24	w : 51
(15,7,9,16,24)
15 to 25	w : 48
(15,7,17,12,25)
15 to 26	w : 46
(15,26)
15 to 27	w : 83
(15,7,9,16,24,27)
16 to 1	w : 60
(16,24,3,6,19,1)
16 to 2	w : 84
(16,5,17,15,2)
16 to 3	w : 47
(16,24,3)
16 to 4	w : 49
(16,24,27,21,4)
16 to 5	w : 25
(16,5)
16 to 6	w : 50
(16,24,3,6)
16 to 7	w : 72
(16,5,17,15,7)
16 to 8	w : 57
(16,14,10,8)
16 to 9	w : 67
(16,5,9)
16 to 10	w : 54
(16,14,10)
16 to 11	w : 59
(16,24,3,11)
16 to 12	w : 57
(16,5,17,12)
16 to 13	w : 78
(16,24,3,6,19,1,13)
16 to 14	w : 37
(16,14)
16 to 15	w : 67
(16,5,17,15)
16 to 17	w : 51
(16,5,17)
16 to 18	w : 87
(16,5,17,12,18)
16 to 19	w : 51
(16,24,3,6,19)
16 to 20	w : 29
(16,5,20)
16 to 21	w : 43
(16,24,27,21)
16 to 22	w : 55
(16,24,3,6,19,22)
16 to 23	w : 77
(16,24,27,23)
16 to 24	w : 6
(16,24)
16 to 25	w : 50
(16,24,27,21,25)
16 to 26	w : 56
(16,24,26)
16 to 27	w : 38
(16,24,27)
17 to 1	w : 57
(17,12,25,3,6,19,1)
17 to 2	w : 33
(17,15,2)
17 to 3	w : 44
(17,12,25,3)
17 to 4	w : 68
(17,12,25,3,6,19,22,21,4)
17 to 5	w : 86
(17,15,7,9,16,5)
17 to 6	w : 47
(17,12,25,3,6)
17 to 7	w : 21
(17,15,7)
17 to 8	w : 28
(17,12,10,8)
17 to 9	w : 22
(17,15,7,9)
17 to 10	w : 25
(17,12,10)
17 to 11	w : 56
(17,12,25,3,11)
17 to 12	w : 6
(17,12)
17 to 13	w : 75
(17,12,25,3,6,19,1,13)
17 to 14	w : 10
(17,14)
17 to 15	w : 16
(17,15)
17 to 16	w : 61
(17,15,7,9,16)
17 to 18	w : 36
(17,12,18)
17 to 19	w : 48
(17,12,25,3,6,19)
17 to 20	w : 50
(17,12,10,20)
17 to 21	w : 62
(17,12,25,3,6,19,22,21)
17 to 22	w : 52
(17,12,25,3,6,19,22)
17 to 23	w : 75
(17,15,2,23)
17 to 24	w : 61
(17,12,10,20,24)
17 to 25	w : 28
(17,12,25)
17 to 26	w : 54
(17,12,25,3,6,19,22,26)
17 to 27	w : 93
(17,12,10,20,24,27)
18 to 1	w : 51
(18,25,3,6,19,1)
18 to 2	w : 69
(18,25,17,15,2)
18 to 3	w : 38
(18,25,3)
18 to 4	w : 62
(18,25,3,6,19,22,21,4)
18 to 5	w : 122
(18,25,17,15,7,9,16,5)
18 to 6	w : 41
(18,25,3,6)
18 to 7	w : 57
(18,25,17,15,7)
18 to 8	w : 38
(18,8)
18 to 9	w : 58
(18,25,17,15,7,9)
18 to 10	w : 61
(18,25,17,12,10)
18 to 11	w : 50
(18,25,3,11)
18 to 12	w : 42
(18,25,17,12)
18 to 13	w : 69
(18,25,3,6,19,1,13)
18 to 14	w : 46
(18,25,17,14)
18 to 15	w : 52
(18,25,17,15)
18 to 16	w : 97
(18,25,17,15,7,9,16)
18 to 17	w : 36
(18,25,17)
18 to 19	w : 42
(18,25,3,6,19)
18 to 20	w : 50
(18,25,3,6,20)
18 to 21	w : 56
(18,25,3,6,19,22,21)
18 to 22	w : 46
(18,25,3,6,19,22)
18 to 23	w : 111
(18,25,17,15,2,23)
18 to 24	w : 61
(18,25,3,6,20,24)
18 to 25	w : 22
(18,25)
18 to 26	w : 42
(18,26)
18 to 27	w : 93
(18,25,3,6,20,24,27)
19 to 1	w : 9
(19,1)
19 to 2	w : 58
(19,1,13,15,2)
19 to 3	w : 37
(19,22,21,25,3)
19 to 4	w : 20
(19,22,21,4)
19 to 5	w : 111
(19,1,13,15,7,9,16,5)
19 to 6	w : 40
(19,22,21,25,3,6)
19 to 7	w : 46
(19,1,13,15,7)
19 to 8	w : 18
(19,22,26,8)
19 to 9	w : 47
(19,1,13,15,7,9)
19 to 10	w : 56
(19,1,10)
19 to 11	w : 25
(19,22,11)
19 to 12	w : 41
(19,22,26,17,12)
19 to 13	w : 27
(19,1,13)
19 to 14	w : 45
(19,22,26,17,14)
19 to 15	w : 41
(19,1,13,15)
19 to 16	w : 86
(19,1,13,15,7,9,16)
19 to 17	w : 35
(19,22,26,17)
19 to 18	w : 43
(19,22,26,18)
19 to 20	w : 49
(19,22,21,25,3,6,20)
19 to 21	w : 14
(19,22,21)
19 to 22	w : 4
(19,22)
19 to 23	w : 100
(19,1,13,15,2,23)
19 to 24	w : 60
(19,22,21,25,3,6,20,24)
19 to 25	w : 21
(19,22,21,25)
19 to 26	w : 6
(19,22,26)
19 to 27	w : 72
(19,1,13,27)
20 to 1	w : 36
(20,19,1)
20 to 2	w : 85
(20,19,1,13,15,2)
20 to 3	w : 52
(20,24,3)
20 to 4	w : 47
(20,19,22,21,4)
20 to 5	w : 138
(20,19,1,13,15,7,9,16,5)
20 to 6	w : 55
(20,24,3,6)
20 to 7	w : 73
(20,19,1,13,15,7)
20 to 8	w : 45
(20,19,22,26,8)
20 to 9	w : 74
(20,19,1,13,15,7,9)
20 to 10	w : 83
(20,19,1,10)
20 to 11	w : 52
(20,19,22,11)
20 to 12	w : 68
(20,19,22,26,17,12)
20 to 13	w : 54
(20,19,1,13)
20 to 14	w : 72
(20,19,22,26,17,14)
20 to 15	w : 68
(20,19,1,13,15)
20 to 16	w : 113
(20,19,1,13,15,7,9,16)
20 to 17	w : 62
(20,19,22,26,17)
20 to 18	w : 70
(20,19,22,26,18)
20 to 19	w : 27
(20,19)
20 to 21	w : 41
(20,19,22,21)
20 to 22	w : 31
(20,19,22)
20 to 23	w : 82
(20,24,27,23)
20 to 24	w : 11
(20,24)
20 to 25	w : 48
(20,19,22,21,25)
20 to 26	w : 33
(20,19,22,26)
20 to 27	w : 43
(20,24,27)
21 to 1	w : 36
(21,25,3,6,19,1)
21 to 2	w : 54
(21,25,17,15,2)
21 to 3	w : 23
(21,25,3)
21 to 4	w : 6
(21,4)
21 to 5	w : 107
(21,25,17,15,7,9,16,5)
21 to 6	w : 26
(21,25,3,6)
21 to 7	w : 42
(21,25,17,15,7)
21 to 8	w : 45
(21,25,3,6,19,22,26,8)
21 to 9	w : 43
(21,25,17,15,7,9)
21 to 10	w : 46
(21,25,17,12,10)
21 to 11	w : 35
(21,25,3,11)
21 to 12	w : 27
(21,25,17,12)
21 to 13	w : 54
(21,25,3,6,19,1,13)
21 to 14	w : 31
(21,25,17,14)
21 to 15	w : 37
(21,25,17,15)
21 to 16	w : 82
(21,25,17,15,7,9,16)
21 to 17	w : 21
(21,25,17)
21 to 18	w : 57
(21,25,17,12,18)
21 to 19	w : 27
(21,25,3,6,19)
21 to 20	w : 35
(21,25,3,6,20)
21 to 22	w : 31
(21,25,3,6,19,22)
21 to 23	w : 96
(21,25,17,15,2,23)
21 to 24	w : 46
(21,25,3,6,20,24)
21 to 25	w : 7
(21,25)
21 to 26	w : 33
(21,25,3,6,19,22,26)
21 to 27	w : 78
(21,25,3,6,20,24,27)
22 to 1	w : 46
(22,21,25,3,6,19,1)
22 to 2	w : 64
(22,26,17,15,2)
22 to 3	w : 33
(22,21,25,3)
22 to 4	w : 16
(22,21,4)
22 to 5	w : 117
(22,26,17,15,7,9,16,5)
22 to 6	w : 36
(22,21,25,3,6)
22 to 7	w : 52
(22,26,17,15,7)
22 to 8	w : 14
(22,26,8)
22 to 9	w : 53
(22,26,17,15,7,9)
22 to 10	w : 56
(22,26,17,12,10)
22 to 11	w : 21
(22,11)
22 to 12	w : 37
(22,26,17,12)
22 to 13	w : 64
(22,21,25,3,6,19,1,13)
22 to 14	w : 41
(22,26,17,14)
22 to 15	w : 47
(22,26,17,15)
22 to 16	w : 92
(22,26,17,15,7,9,16)
22 to 17	w : 31
(22,26,17)
22 to 18	w : 39
(22,26,18)
22 to 19	w : 37
(22,21,25,3,6,19)
22 to 20	w : 45
(22,21,25,3,6,20)
22 to 21	w : 10
(22,21)
22 to 23	w : 106
(22,26,17,15,2,23)
22 to 24	w : 56
(22,21,25,3,6,20,24)
22 to 25	w : 17
(22,21,25)
22 to 26	w : 2
(22,26)
22 to 27	w : 88
(22,21,25,3,6,20,24,27)
23 to 1	w : 28
(23,3,6,19,1)
23 to 2	w : 77
(23,3,6,19,1,13,15,2)
23 to 3	w : 15
(23,3)
23 to 4	w : 39
(23,3,6,19,22,21,4)
23 to 5	w : 58
(23,16,5)
23 to 6	w : 18
(23,3,6)
23 to 7	w : 49
(23,3,7)
23 to 8	w : 37
(23,3,6,19,22,26,8)
23 to 9	w : 50
(23,3,7,9)
23 to 10	w : 75
(23,3,6,19,1,10)
23 to 11	w : 27
(23,3,11)
23 to 12	w : 60
(23,3,6,19,22,26,17,12)
23 to 13	w : 46
(23,3,6,19,1,13)
23 to 14	w : 64
(23,3,6,19,22,26,17,14)
23 to 15	w : 60
(23,3,6,19,1,13,15)
23 to 16	w : 33
(23,16)
23 to 17	w : 54
(23,3,6,19,22,26,17)
23 to 18	w : 62
(23,3,6,19,22,26,18)
23 to 19	w : 19
(23,3,6,19)
23 to 20	w : 27
(23,3,6,20)
23 to 21	w : 33
(23,3,6,19,22,21)
23 to 22	w : 23
(23,3,6,19,22)
23 to 24	w : 38
(23,3,6,20,24)
23 to 25	w : 40
(23,3,6,19,22,21,25)
23 to 26	w : 25
(23,3,6,19,22,26)
23 to 27	w : 70
(23,3,6,20,24,27)
24 to 1	w : 54
(24,3,6,19,1)
24 to 2	w : 91
(24,27,21,25,17,15,2)
24 to 3	w : 41
(24,3)
24 to 4	w : 43
(24,27,21,4)
24 to 5	w : 129
(24,27,23,16,5)
24 to 6	w : 44
(24,3,6)
24 to 7	w : 75
(24,3,7)
24 to 8	w : 62
(24,26,8)
24 to 9	w : 76
(24,3,7,9)
24 to 10	w : 83
(24,27,21,25,17,12,10)
24 to 11	w : 53
(24,3,11)
24 to 12	w : 64
(24,27,21,25,17,12)
24 to 13	w : 72
(24,3,6,19,1,13)
24 to 14	w : 68
(24,27,21,25,17,14)
24 to 15	w : 74
(24,27,21,25,17,15)
24 to 16	w : 104
(24,27,23,16)
24 to 17	w : 58
(24,27,21,25,17)
24 to 18	w : 87
(24,26,18)
24 to 19	w : 45
(24,3,6,19)
24 to 20	w : 53
(24,3,6,20)
24 to 21	w : 37
(24,27,21)
24 to 22	w : 49
(24,3,6,19,22)
24 to 23	w : 71
(24,27,23)
24 to 25	w : 44
(24,27,21,25)
24 to 26	w : 50
(24,26)
24 to 27	w : 32
(24,27)
25 to 1	w : 29
(25,3,6,19,1)
25 to 2	w : 47
(25,17,15,2)
25 to 3	w : 16
(25,3)
25 to 4	w : 40
(25,3,6,19,22,21,4)
25 to 5	w : 100
(25,17,15,7,9,16,5)
25 to 6	w : 19
(25,3,6)
25 to 7	w : 35
(25,17,15,7)
25 to 8	w : 38
(25,3,6,19,22,26,8)
25 to 9	w : 36
(25,17,15,7,9)
25 to 10	w : 39
(25,17,12,10)
25 to 11	w : 28
(25,3,11)
25 to 12	w : 20
(25,17,12)
25 to 13	w : 47
(25,3,6,19,1,13)
25 to 14	w : 24
(25,17,14)
25 to 15	w : 30
(25,17,15)
25 to 16	w : 75
(25,17,15,7,9,16)
25 to 17	w : 14
(25,17)
25 to 18	w : 50
(25,17,12,18)
25 to 19	w : 20
(25,3,6,19)
25 to 20	w : 28
(25,3,6,20)
25 to 21	w : 34
(25,3,6,19,22,21)
25 to 22	w : 24
(25,3,6,19,22)
25 to 23	w : 89
(25,17,15,2,23)
25 to 24	w : 39
(25,3,6,20,24)
25 to 26	w : 26
(25,3,6,19,22,26)
25 to 27	w : 71
(25,3,6,20,24,27)
26 to 1	w : 49
(26,8,19,1)
26 to 2	w : 62
(26,17,15,2)
26 to 3	w : 73
(26,17,12,25,3)
26 to 4	w : 60
(26,8,19,22,21,4)
26 to 5	w : 115
(26,17,15,7,9,16,5)
26 to 6	w : 62
(26,8,6)
26 to 7	w : 50
(26,17,15,7)
26 to 8	w : 12
(26,8)
26 to 9	w : 51
(26,17,15,7,9)
26 to 10	w : 54
(26,17,12,10)
26 to 11	w : 65
(26,8,19,22,11)
26 to 12	w : 35
(26,17,12)
26 to 13	w : 67
(26,8,19,1,13)
26 to 14	w : 39
(26,17,14)
26 to 15	w : 45
(26,17,15)
26 to 16	w : 90
(26,17,15,7,9,16)
26 to 17	w : 29
(26,17)
26 to 18	w : 37
(26,18)
26 to 19	w : 40
(26,8,19)
26 to 20	w : 71
(26,8,6,20)
26 to 21	w : 54
(26,8,19,22,21)
26 to 22	w : 44
(26,8,19,22)
26 to 23	w : 104
(26,17,15,2,23)
26 to 24	w : 82
(26,8,6,20,24)
26 to 25	w : 57
(26,17,12,25)
26 to 27	w : 112
(26,8,19,1,13,27)
27 to 1	w : 41
(27,21,25,3,6,19,1)
27 to 2	w : 59
(27,21,25,17,15,2)
27 to 3	w : 28
(27,21,25,3)
27 to 4	w : 11
(27,21,4)
27 to 5	w : 97
(27,23,16,5)
27 to 6	w : 31
(27,21,25,3,6)
27 to 7	w : 47
(27,21,25,17,15,7)
27 to 8	w : 50
(27,21,25,3,6,19,22,26,8)
27 to 9	w : 48
(27,21,25,17,15,7,9)
27 to 10	w : 51
(27,21,25,17,12,10)
27 to 11	w : 40
(27,21,25,3,11)
27 to 12	w : 32
(27,21,25,17,12)
27 to 13	w : 59
(27,21,25,3,6,19,1,13)
27 to 14	w : 36
(27,21,25,17,14)
27 to 15	w : 42
(27,21,25,17,15)
27 to 16	w : 72
(27,23,16)
27 to 17	w : 26
(27,21,25,17)
27 to 18	w : 62
(27,21,25,17,12,18)
27 to 19	w : 32
(27,21,25,3,6,19)
27 to 20	w : 40
(27,21,25,3,6,20)
27 to 21	w : 5
(27,21)
27 to 22	w : 36
(27,21,25,3,6,19,22)
27 to 23	w : 39
(27,23)
27 to 24	w : 51
(27,21,25,3,6,20,24)
27 to 25	w : 12
(27,21,25)
27 to 26	w : 38
(27,21,25,3,6,19,22,26)
