9
13
17
18
22
23
26
47
51
60
67
70
91
123
141
150
154
162
183
190
193
195
198
206
217
217
222
225
239
248
249
249
282
314
316
327
352
355
368
374
378
404
407
417
417
429
431
472
474
479
487
495
502
509
521
522
523
529
545
547
560
568
595
597
598
599
617
627
631
635
650
673
673
673
681
702
730
742
746
748
752
754
788
793
801
805
817
817
830
837
853
855
857
865
865
880
886
903
910
924
931
948
953
959
992
1007
1017
1030
1038
1051
1054
1058
1064
1074
1075
1085
1098
1100
1100
1123
1130
1139
1147
1151
1153
1156
1159
1159
1167
1170
1180
1182
1185
1197
1205
1221
1235
1240
1241
1245
1250
1263
1267
1274
1287
1290
1298
1306
1318
1321
1338
1346
1347
1348
1355
1375
1377
1377
1378
1383
1387
1396
1403
1418
1425
1430
1433
1456
1457
1460
1462
1472
1484
1496
1506
1511
1517
1518
1523
1537
1547
1548
1587
1594
1595
1596
1607
1647
1653
1660
1681
1690
1693
1707
1711
1712
1712
1720
1727
1740
1754
1764
1767
1769
1786
1787
1789
1797
1799
1804
1806
1810
1811
1824
1829
1839
1843
1845
1853
1865
1872
1896
1915
1917
1928
1930
1934
1936
1938
1966
1986
1997
1999
2024
2043
2045
2053
2056
2066
2068
2076
2086
2092
2108
2110
2116
2117
2121
2124
2124
2133
2134
2135
2154
2156
2179
2191
2234
2264
2267
2279
2283
2304
2307
2309
2310
2322
2327
2328
2329
2333
2339
2358
2368
2379
2389
2394
2401
2410
2420
2437
2438
2448
2450
2450
2457
2459
2468
2476
2487
2507
2551
2555
2576
2581
2583
2593
2599
2604
2612
2623
2630
2631
2633
2653
2655
2657
2658
2660
2666
2685
2687
2704
2721
2753
2754
2763
2763
2812
2821
2827
2827
2833
2841
2858
2865
2866
2874
2876
2882
2894
2900
2914
2929
2930
2932
2934
2946
2951
2957
2961
2966
2967
2972
2985
2990
2990
2993
2994
2999
3015
3026
3026
3030
3034
3080
3102
3118
3128
3130
3154
3166
3173
3179
3180
3194
3199
3202
3208
3219
3224
3225
3232
3233
3240
3271
3280
3298
3309
3323
3335
3339
3343
3344
3353
3353
3382
3397
3413
3435
3440
3462
3485
3488
3496
3500
3502
3526
3529
3531
3541
3548
3550
3570
3574
3577
3597
3606
3608
3614
3616
3629
3636
3641
3641
3641
3645
3654
3654
3656
3659
3662
3668
3673
3684
3698
3713
3734
3735
3737
3756
3779
3785
3794
3823
3839
3843
3854
3862
3864
3867
3874
3874
3895
3896
3901
3901
3918
3930
3970
3972
3984
3987
3991
3994
3997
4006
4013
4014
4025
4031
4052
4055
4062
4075
4075
4080
4090
4092
4108
4117
4120
4120
4123
4133
4135
4139
4144
4160
4161
4163
4167
4180
4192
4198
4201
4202
4205
4206
4213
4217
4224
4227
4235
4239
4249
4253
4255
4263
4268
4272
4273
4275
4290
4303
4321
4324
4327
4341
4349
4351
4355
4376
4395
4399
4413
4414
4422
4454
4457
4465
4508
4512
4527
4533
4545
4548
4550
4563
4576
4591
4605
4640
4641
4646
4647
4649
4650
4685
4690
4692
4696
4697
4698
4706
4710
4713
4720
4729
4738
4746
4753
4757
4770
4783
4789
4814
4822
4828
4838
4845
4845
4848
4858
4863
4867
4876
4876
4879
4881
4913
4947
4948
4956
4958
4965
4971
4987
4990
5003
5015
5019
5034
5052
5056
5076
5079
5088
5094
5098
5101
5102
5117
5119
5120
5123
5127
5128
5150
5157
5202
5206
5209
5212
5215
5238
5240
5266
5266
5271
5281
5291
5301
5303
5303
5324
5331
5336
5338
5343
5355
5364
5372
5375
5378
5381
5385
5387
5388
5392
5397
5408
5416
5426
5437
5441
5445
5450
5466
5475
5480
5484
5487
5489
5511
5513
5513
5522
5523
5530
5530
5538
5539
5547
5564
5576
5587
5601
5605
5607
5610
5611
5615
5615
5618
5620
5631
5635
5642
5644
5645
5672
5679
5688
5699
5714
5736
5737
5754
5771
5786
5793
5803
5811
5812
5820
5824
5832
5840
5855
5858
5882
5882
5884
5885
5901
5908
5913
5920
5933
5946
5952
5952
5960
5965
5972
5978
5983
5989
5990
5999
6002
6003
6004
6005
6006
6016
6017
6020
6023
6034
6037
6053
6062
6068
6077
6078
6078
6080
6082
6088
6091
6093
6109
6111
6131
6136
6137
6142
6149
6154
6158
6160
6165
6178
6205
6212
6216
6216
6224
6227
6229
6243
6253
6257
6261
6270
6272
6273
6274
6286
6286
6289
6316
6332
6343
6346
6352
6367
6373
6374
6379
6380
6392
6393
6394
6405
6415
6429
6429
6449
6452
6455
6466
6478
6480
6483
6503
6507
6514
6523
6524
6550
6562
6577
6599
6607
6609
6613
6638
6652
6652
6661
6662
6665
6674
6674
6675
6676
6683
6692
6697
6702
6735
6755
6786
6802
6803
6812
6836
6837
6864
6871
6872
6876
6890
6939
6942
6945
6949
6949
6952
6957
6960
6967
6969
6973
6983
6989
6991
6992
7020
7037
7037
7039
7044
7083
7099
7099
7113
7114
7127
7131
7155
7173
7180
7183
7195
7195
7203
7205
7214
7216
7219
7238
7272
7272
7272
7274
7286
7288
7311
7311
7313
7323
7324
7335
7354
7358
7359
7364
7367
7376
7388
7391
7392
7392
7393
7397
7402
7407
7423
7436
7438
7440
7441
7441
7447
7448
7450
7451
7453
7462
7471
7475
7492
7498
7508
7517
7528
7534
7535
7544
7548
7551
7572
7575
7580
7593
7621
7631
7642
7642
7642
7654
7673
7674
7678
7686
7693
7714
7727
7757
7759
7769
7770
7775
7786
7794
7800
7804
7818
7821
7832
7840
7861
7862
7864
7869
7902
7912
7915
7922
7925
7929
7938
7940
7947
7957
7963
7963
7975
7981
7993
7997
8022
8030
8044
8044
8050
8055
8072
8090
8091
8111
8114
8118
8133
8135
8137
8140
8156
8160
8161
8169
8175
8180
8183
8187
8192
8201
8216
8217
8231
8236
8236
8241
8266
8275
8281
8285
8289
8297
8306
8326
8328
8335
8340
8372
8392
8403
8427
8459
8469
8475
8483
8496
8511
8521
8529
8532
8533
8536
8567
8577
8584
8584
8585
8608
8633
8647
8653
8656
8667
8681
8682
8688
8691
8692
8697
8698
8699
8701
8705
8706
8709
8764
8768
8771
8775
8782
8789
8799
8804
8810
8816
8835
8857
8871
8891
8899
8909
8914
8922
8924
8925
8934
8946
8962
8971
8981
9003
9013
9051
9051
9061
9061
9062
9067
9068
9080
9085
9102
9111
9124
9132
9134
9136
9137
9149
9162
9170
9195
9195
9195
9231
9231
9239
9255
9255
9256
9256
9262
9279
9281
9286
9289
9306
9309
9315
9320
9320
9331
9340
9341
9345
9355
9372
9374
9376
9377
9390
9390
9414
9421
9428
9442
9449
9472
9477
9490
9527
9528
9540
9560
9577
9589
9593
9595
9596
9613
9616
9619
9622
9628
9647
9652
9657
9670
9671
9681
9682
9687
9697
9701
9701
9702
9706
9720
9737
9743
9745
9757
9763
9765
9788
9801
9821
9825
9834
9834
9845
9857
9869
9881
9883
9886
9894
9900
9900
9918
9944
9945
9955
9965
9972
9973
9973
9974
10005
10012
10021
10029
10034
10039
10055
10067
10101
10105
10105
10123
10131
10133
10136
10156
10162
10167
10169
10174
10183
10183
10185
10205
10209
10217
10229
10229
10234
10236
10244
10258
10259
10260
10260
10263
10264
10267
10267
10268
10270
10278
10292
10306
10309
10309
10309
10339
10347
10348
10371
10371
10372
10375
10381
10382
10396
10396
10406
10423
10425
10438
10439
10440
10452
10458
10463
10467
10468
10475
10491
10516
10535
10538
10544
10547
10557
10561
10562
10566
10570
10596
10634
10636
10670
10671
10673
10679
10682
10682
10683
10693
10698
10699
10727
10744
10747
10759
10760
10760
10774
10775
10791
10809
10820
10821
10829
10834
10839
10841
10845
10850
10851
10867
10869
10890
10903
10905
10914
10918
10922
10923
10931
10934
10942
10943
10951
10953
10961
10963
10969
10971
10975
10982
11002
11003
11013
11014
11023
11034
11039
11042
11045
11048
11049
11054
11060
11066
11077
11108
11108
11109
11129
11144
11149
11157
11158
11163
11165
11177
11185
11189
11190
11193
11200
11211
11222
11222
11224
11243
11250
11254
11274
11274
11283
11284
11285
11292
11293
11302
11316
11336
11341
11344
11352
11359
11361
11364
11373
11376
11384
11410
11420
11426
11443
11451
11468
11474
11485
11486
11494
11501
11504
11507
11514
11519
11524
11527
11529
11530
11537
11540
11541
11549
11551
11566
11570
11575
11582
11586
11592
11594
11603
11607
11614
11623
11640
11650
11686
11693
11695
11716
11735
11735
11735
11752
11760
11771
11772
11788
11792
11807
11810
11818
11836
11849
11859
11868
11869
11875
11875
11877
11880
11883
11897
11899
11916
11929
11932
11951
11951
11960
11961
11967
11973
11980
11994
11999
12010
12017
12039
12039
12040
12041
12062
12069
12069
12070
12087
12096
12104
12113
12117
12132
12140
12152
12165
12166
12167
12167
12178
12187
12199
12212
12216
12233
12238
12248
12272
12274
12291
12292
12306
12314
12325
12348
12352
12373
12373
12373
12385
12402
12415
12438
12440
12444
12447
12450
12452
12458
12485
12497
12501
12515
12518
12518
12534
12537
12537
12559
12568
12569
12577
12583
12586
12592
12601
12609
12616
12617
12619
12622
12636
12638
12645
12645
12657
12662
12663
12667
12675
12680
12685
12689
12691
12692
12704
12705
12707
12733
12747
12775
12800
12800
12802
12810
12814
12815
12819
12825
12828
12833
12839
12856
12858
12860
12875
12881
12892
12899
12904
12909
12914
12918
12920
12922
12933
12946
12954
12968
12985
12991
12997
12999
13007
13010
13018
13027
13030
13033
13034
13034
13074
13076
13076
13078
13083
13083
13085
13142
13146
13148
13150
13161
13162
13169
13180
13187
13189
13200
13222
13231
13237
13257
13259
13272
13275
13281
13293
13303
13303
13304
13319
13324
13332
13350
13358
13359
13363
13363
13372
13374
13388
13389
13403
13427
13429
13431
13463
13472
13478
13478
13483
13490
13501
13507
13510
13510
13517
13518
13530
13536
13538
13558
13577
13579
13586
13586
13591
13593
13602
13607
13609
13622
13623
13627
13633
13633
13654
13665
13689
13692
13695
13697
13701
13714
13716
13718
13735
13740
13751
13756
13765
13766
13766
13769
13770
13791
13795
13796
13797
13808
13841
13854
13876
13913
13921
13924
13930
13932
13944
13945
13946
13972
13973
13986
13995
14024
14032
14043
14059
14081
14087
14090
14090
14090
14100
14105
14134
14136
14144
14145
14158
14175
14176
14199
14218
14223
14227
14247
14249
14249
14251
14289
14297
14304
14304
14311
14314
14321
14325
14343
14344
14354
14357
14365
14374
14378
14384
14401
14403
14418
14420
14434
14448
14452
14454
14455
14455
14463
14466
14468
14474
14476
14483
14487
14487
14492
14511
14518
14519
14527
14533
14536
14552
14555
14584
14592
14601
14606
14659
14662
14667
14672
14678
14684
14685
14687
14689
14694
14697
14698
14703
14706
14728
14733
14737
14737
14738
14743
14755
14756
14757
14764
14798
14801
14810
14817
14822
14823
14824
14845
14850
14851
14858
14881
14888
14889
14890
14919
14925
14928
14928
14929
14930
14943
14972
14973
14999
14999
15007
15026
15029
15037
15040
15041
15052
15062
15074
15075
15077
15080
15094
15099
15109
15118
15122
15136
15138
15142
15147
15160
15161
15174
15175
15182
15190
15194
15198
15200
15208
15215
15224
15231
15234
15237
15244
15249
15250
15251
15263
15272
15277
15287
15298
15302
15313
15329
15330
15338
15340
15367
15394
15400
15401
15407
15421
15430
15432
15444
15452
15455
15458
15460
15473
15493
15513
15533
15536
15536
15541
15541
15549
15558
15564
15568
15603
15619
15623
15627
15634
15643
15657
15669
15671
15678
15678
15682
15685
15694
15695
15697
15715
15722
15725
15760
15768
15770
15774
15777
15786
15789
15789
15792
15795
15849
15889
15895
15909
15911
15915
15937
15952
15952
15973
15977
15980
15992
15997
15999
15999
16010
16034
16040
16053
16067
16078
16086
16096
16103
16138
16150
16166
16174
16175
16180
16187
16187
16194
16199
16200
16204
16209
16217
16228
16230
16239
16247
16259
16260
16275
16288
16289
16294
16295
16308
16312
16356
16366
16367
16369
16383
16400
16403
16411
16415
16436
16437
16438
16438
16453
16470
16484
16530
16530
16532
16539
16554
16567
16586
16591
16592
16598
16603
16608
16622
16627
16633
16647
16647
16660
16671
16682
16688
16691
16733
16734
16735
16737
16737
16738
16752
16760
16770
16774
16780
16786
16789
16794
16808
16815
16825
16827
16850
16861
16867
16875
16875
16879
16888
16890
16901
16903
16910
16910
16911
16915
16928
16931
16940
16948
16963
16970
16971
16975
16979
16979
16989
17003
17003
17007
17012
17013
17017
17024
17024
17037
17053
17064
17066
17068
17069
17081
17082
17103
17106
17121
17132
17139
17144
17145
17155
17167
17172
17191
17196
17200
17200
17209
17213
17224
17230
17233
17236
17239
17244
17255
17256
17258
17267
17274
17275
17293
17294
17298
17316
17320
17321
17323
17331
17334
17335
17336
17351
17354
17401
17402
17404
17408
17413
17416
17430
17432
17446
17446
17450
17450
17463
17478
17478
17485
17488
17508
17512
17517
17518
17524
17533
17534
17539
17544
17544
17556
17573
17587
17598
17611
17625
17633
17652
17652
17654
17668
17687
17693
17694
17699
17702
17719
17734
17736
17746
17746
17756
17756
17778
17795
17818
17824
17827
17830
17839
17843
17865
17876
17879
17879
17882
17892
17896
17897
17910
17919
17926
17926
17962
17986
17986
17987
18000
18003
18004
18004
18007
18012
18020
18024
18028
18032
18056
18057
18070
18080
18099
18100
18157
18158
18160
18173
18173
18181
18181
18191
18203
18204
18213
18220
18229
18249
18257
18289
18293
18310
18317
18321
18333
18338
18350
18358
18370
18384
18403
18409
18422
18427
18434
18438
18449
18464
18470
18489
18491
18499
18506
18517
18525
18526
18531
18537
18538
18540
18541
18544
18544
18545
18549
18559
18565
18588
18590
18600
18615
18625
18627
18627
18630
18630
18647
18666
18679
18682
18692
18696
18698
18714
18715
18723
18724
18728
18733
18739
18744
18749
18753
18760
18761
18763
18769
18773
18775
18780
18788
18803
18812
18824
18842
18863
18883
18884
18890
18895
18896
18901
18906
18909
18921
18923
18924
18941
18953
18961
18966
18970
18973
18982
18984
19003
19006
19006
19011
19031
19046
19057
19062
19072
19073
19097
19104
19108
19110
19115
19119
19145
19159
19168
19171
19175
19185
19190
19201
19207
19207
19212
19213
19213
19216
19219
19230
19236
19248
19257
19285
19293
19295
19296
19317
19318
19324
19339
19347
19358
19362
19377
19383
19394
19400
19408
19414
19424
19426
19427
19428
19444
19446
19447
19470
19478
19485
19486
19489
19505
19510
19516
19531
19542
19543
19553
19553
19559
19584
19619
19625
19625
19629
19666
19669
19684
19686
19696
19702
19717
19721
19721
19747
19770
19773
19793
19798
19805
19811
19817
19834
19838
19838
19839
19841
19846
19863
19884
19888
19900
19925
19930
19938
19938
19938
19940
19970
19978
19990
20009
20011
20015
20022
20044
20047
20050
20056
20077
20080
20081
20085
20094
20130
20135
20141
20149
20153
20165
20165
20169
20188
20188
20195
20223
20228
20253
20254
20258
20268
20283
20285
20289
20313
20322
20322
20326
20345
20357
20361
20371
20380
20391
20415
20416
20420
20435
20435
20446
20446
20448
20457
20459
20461
20471
20486
20493
20495
20496
20517
20526
20528
20529
20529
20530
20538
20554
20563
20566
20579
20579
20585
20591
20594
20601
20608
20615
20629
20630
20631
20632
20637
20641
20641
20644
20666
20669
20699
20700
20701
20702
20712
20717
20739
20739
20739
20740
20741
20743
20745
20747
20758
20769
20771
20772
20788
20792
20816
20820
20831
20845
20849
20850
20858
20868
20879
20881
20892
20903
20904
20911
20912
20949
20956
20964
20966
20967
20971
20975
20981
20993
20998
21007
21011
21027
21028
21051
21052
21057
21058
21059
21069
21085
21108
21111
21120
21132
21132
21163
21176
21181
21193
21203
21203
21216
21235
21249
21258
21271
21274
21294
21295
21297
21304
21314
21315
21316
21327
21329
21347
21359
21361
21370
21380
21385
21392
21397
21410
21429
21433
21454
21475
21490
21499
21499
21499
21502
21504
21506
21509
21520
21532
21533
21537
21563
21587
21587
21618
21622
21650
21654
21665
21668
21670
21671
21680
21685
21695
21696
21709
21713
21721
21733
21740
21753
21761
21767
21771
21781
21794
21796
21797
21799
21805
21810
21811
21817
21819
21820
21828
21830
21838
21840
21841
21843
21851
21863
21872
21879
21883
21919
21927
21945
21946
21958
21960
21999
22013
22024
22030
22046
22082
22091
22104
22111
22120
22121
22122
22137
22144
22145
22146
22150
22152
22168
22176
22183
22183
22198
22201
22202
22206
22223
22225
22228
22232
22236
22239
22241
22247
22254
22256
22259
22266
22271
22287
22287
22291
22294
22296
22298
22299
22299
22299
22316
22323
22327
22368
22371
22379
22379
22388
22393
22407
22411
22415
22417
22423
22424
22425
22436
22461
22463
22478
22490
22491
22506
22509
22511
22513
22521
22535
22560
22563
22564
22564
22568
22616
22643
22644
22646
22651
22668
22683
22686
22687
22691
22700
22700
22710
22712
22715
22728
22730
22735
22737
22738
22745
22752
22758
22770
22778
22784
22786
22799
22803
22835
22839
22841
22843
22845
22853
22861
22872
22878
22882
22886
22891
22894
22898
22901
22933
22935
22944
22946
22988
22989
22997
23038
23041
23052
23061
23068
23070
23071
23078
23080
23096
23104
23121
23128
23134
23138
23142
23144
23147
23158
23176
23184
23194
23199
23201
23208
23212
23223
23227
23263
23270
23277
23292
23296
23311
23313
23317
23320
23326
23343
23361
23365
23373
23375
23393
23404
23406
23406
23406
23414
23427
23436
23442
23445
23453
23454
23459
23467
23470
23477
23481
23486
23501
23504
23507
23519
23523
23534
23545
23552
23554
23555
23562
23565
23573
23578
23588
23593
23603
23614
23622
23632
23650
23650
23665
23666
23670
23673
23675
23694
23726
23726
23727
23736
23750
23765
23773
23784
23797
23804
23807
23807
23811
23812
23813
23820
23828
23833
23840
23862
23869
23876
23889
23892
23898
23900
23915
23927
23930
23939
23952
23952
23973
23975
23979
23987
23997
24005
24010
24022
24038
24039
24059
24077
24082
24096
24101
24101
24110
24120
24121
24129
24130
24140
24140
24142
24147
24166
24168
24174
24176
24193
24197
24206
24248
24259
24261
24265
24266
24273
24276
24288
24290
24295
24306
24320
24327
24335
24339
24361
24370
24375
24381
24382
24383
24384
24389
24393
24397
24399
24406
24408
24411
24424
24432
24437
24467
24476
24476
24489
24503
24505
24506
24506
24512
24516
24518
24523
24545
24547
24554
24560
24561
24562
24563
24574
24574
24574
24587
24591
24594
24597
24621
24622
24624
24665
24679
24689
24690
24695
24703
24708
24711
24712
24713
24715
24718
24735
24748
24754
24763
24770
24772
24775
24778
24787
24792
24792
24804
24808
24836
24842
24848
24849
24854
24857
24859
24863
24864
24865
24867
24877
24878
24880
24912
24922
24929
24943
24954
24971
24975
24995
24997
24999
25002
25003
25020
25023
25027
25042
25043
25047
25051
25063
25067
25072
25077
25081
25083
25088
25093
25108
25115
25122
25132
25140
25140
25141
25146
25157
25166
25170
25173
25179
25184
25198
25210
25210
25212
25216
25216
25220
25228
25229
25236
25239
25272
25282
25291
25297
25332
25335
25344
25345
25351
25371
25382
25395
25396
25415
25421
25449
25462
25463
25478
25495
25497
25501
25512
25532
25535
25539
25540
25541
25546
25554
25561
25563
25576
25581
25583
25586
25592
25596
25604
25619
25622
25628
25628
25638
25639
25647
25661
25664
25679
25684
25689
25692
25709
25718
25722
25722
25731
25737
25738
25764
25767
25782
25784
25797
25810
25818
25854
25859
25863
25863
25864
25865
25870
25871
25875
25877
25882
25899
25905
25907
25914
25917
25919
25920
25932
25933
25934
25949
25957
25965
25973
25974
25988
25994
25999
26001
26008
26025
26042
26053
26056
26057
26060
26076
26078
26083
26101
26105
26118
26126
26131
26158
26180
26186
26199
26214
26215
26215
26215
26225
26230
26232
26236
26254
26270
26274
26286
26294
26298
26311
26316
26319
26323
26356
26368
26373
26397
26406
26417
26429
26435
26435
26437
26439
26440
26458
26465
26477
26478
26490
26498
26506
26507
26517
26531
26550
26550
26550
26555
26563
26564
26578
26595
26603
26621
26630
26639
26640
26644
26646
26650
26654
26663
26671
26672
26672
26678
26684
26687
26695
26697
26697
26698
26703
26713
26713
26717
26723
26723
26736
26737
26748
26749
26752
26766
26781
26800
26804
26807
26808
26811
26830
26833
26834
26834
26841
26844
26847
26858
26873
26879
26891
26891
26896
26896
26903
26910
26921
26928
26928
26933
26939
26939
26963
26981
26986
27020
27034
27037
27044
27046
27049
27053
27057
27058
27059
27059
27071
27075
27084
27090
27096
27096
27099
27114
27118
27123
27124
27148
27149
27159
27166
27175
27196
27201
27216
27218
27219
27220
27226
27249
27253
27254
27259
27269
27269
27291
27309
27337
27347
27354
27364
27368
27370
27398
27402
27403
27410
27418
27431
27435
27441
27443
27457
27464
27469
27484
27489
27492
27495
27500
27519
27537
27537
27547
27564
27575
27576
27576
27577
27585
27589
27592
27602
27605
27607
27619
27625
27637
27641
27646
27651
27655
27658
27663
27674
27676
27684
27720
27723
27723
27727
27736
27743
27751
27771
27797
27799
27811
27818
27826
27845
27850
27867
27874
27895
27898
27912
27918
27918
27919
27922
27928
27929
27937
27937
27940
27946
27953
27956
27961
27963
27969
27983
27995
27998
27998
28002
28011
28017
28033
28048
28057
28063
28068
28078
28105
28108
28121
28121
28125
28128
28144
28158
28174
28192
28195
28206
28206
28218
28218
28245
28260
28261
28262
28265
28267
28268
28273
28275
28283
28284
28290
28293
28316
28330
28337
28344
28346
28389
28391
28392
28393
28400
28401
28401
28403
28404
28408
28409
28410
28428
28430
28437
28444
28449
28449
28467
28469
28470
28473
28487
28505
28507
28513
28513
28523
28530
28534
28552
28568
28568
28574
28575
28582
28597
28601
28608
28618
28628
28635
28637
28641
28643
28650
28665
28671
28696
28703
28710
28730
28744
28744
28746
28747
28767
28772
28775
28779
28791
28803
28803
28806
28834
28853
28864
28866
28870
28870
28875
28880
28887
28894
28898
28919
28928
28946
28951
28965
28969
28972
28981
28982
28988
28996
29004
29023
29044
29049
29049
29050
29052
29064
29071
29079
29098
29103
29126
29133
29134
29137
29143
29144
29147
29147
29149
29150
29190
29192
29203
29213
29234
29244
29245
29254
29259
29265
29270
29301
29315
29330
29337
29339
29354
29358
29367
29371
29372
29375
29379
29397
29401
29426
29434
29440
29451
29455
29461
29464
29470
29479
29497
29523
29529
29538
29540
29586
29609
29611
29616
29632
29638
29641
29641
29660
29664
29665
29667
29676
29687
29688
29693
29706
29709
29715
29732
29737
29741
29744
29751
29754
29760
29790
29796
29796
29798
29800
29816
29819
29840
29850
29857
29858
29866
29869
29873
29887
29894
29901
29913
29935
29961
29962
29964
29975
29975
29981
29994
29997
30005
30010
30018
30028
30053
30057
30088
30092
30093
30096
30105
30121
30128
30137
30146
30150
30178
30182
30189
30202
30209
30218
30220
30229
30229
30230
30234
30235
30247
30254
30254
30256
30256
30260
30273
30278
30280
30299
30303
30311
30323
30330
30340
30347
30350
30352
30362
30380
30388
30392
30396
30401
30402
30410
30410
30412
30418
30420
30423
30437
30441
30447
30463
30472
30475
30481
30485
30487
30488
30492
30494
30506
30518
30518
30527
30529
30535
30559
30560
30566
30570
30577
30583
30589
30589
30596
30601
30603
30609
30610
30621
30647
30648
30656
30661
30689
30699
30709
30714
30744
30750
30751
30753
30755
30756
30761
30767
30769
30774
30775
30779
30781
30782
30784
30791
30792
30800
30811
30814
30825
30833
30843
30846
30871
30893
30895
30896
30936
30936
30939
30942
30948
30948
30951
30980
30989
30990
30994
30997
31002
31008
31021
31029
31036
31042
31048
31049
31051
31056
31064
31066
31067
31067
31078
31091
31097
31100
31114
31115
31127
31133
31134
31135
31138
31144
31154
31156
31172
31178
31178
31199
31207
31208
31231
31233
31234
31250
31256
31258
31261
31261
31262
31267
31278
31279
31295
31296
31305
31324
31330
31340
31349
31359
31363
31363
31365
31369
31371
31373
31383
31392
31401
31402
31405
31409
31417
31439
31451
31456
31458
31475
31485
31492
31494
31504
31506
31514
31533
31537
31543
31552
31554
31578
31585
31588
31591
31604
31605
31608
31616
31622
31639
31643
31659
31671
31674
31681
31693
31702
31707
31726
31730
31740
31747
31749
31750
31755
31770
31816
31828
31831
31835
31837
31843
31847
31858
31862
31865
31873
31896
31912
31922
31929
31940
31945
31945
31947
31960
31969
31973
31974
31985
31987
32005
32007
32009
32021
32032
32034
32038
32041
32050
32050
32087
32089
32094
32103
32106
32108
32108
32118
32122
32123
32125
32161
32163
32166
32170
32173
32191
32212
32212
32213
32222
32231
32236
32239
32243
32247
32253
32277
32284
32298
32298
32302
32305
32312
32313
32321
32327
32338
32343
32348
32363
32367
32385
32395
32406
32411
32425
32437
32440
32452
32461
32466
32473
32482
32489
32497
32510
32516
32517
32530
32552
32555
32562
32569
32571
32579
32599
32603
32612
32615
32616
32621
32627
32633
32636
32636
32637
32644
32650
32658
32671
32675
32695
32715
32724
32728
32736
32749
32750
32751
32762
32766
